time,motor_with_onshape_mounting_x,motor_with_onshape_mounting_y,motor_with_onshape_mounting_2_x,motor_with_onshape_mounting_2_y,motor_with_onshape_mounting_3_x,motor_with_onshape_mounting_3_y,motor_with_onshape_mounting_4_x,motor_with_onshape_mounting_4_y,motor_with_onshape_mounting_5_x,motor_with_onshape_mounting_5_y,motor_with_onshape_mounting_6_x,motor_with_onshape_mounting_6_y,motor_with_no_arms_x,motor_with_no_arms_y,com_x,com_y
0.000000,,,,,,,,,,,,,,,,
0.047000,,,,,,,,,,,,,,,,
0.097000,0.019880398841576545,0.005374058107646183,0.00019472409572680524,0.10909059463767612,0.0023643368611234727,0.22907094883575235,0.01314292575877483,0.34858586040580525,-0.014021006885951367,0.4654709132647184,0.015793732164340154,0.581708052022782,-0.015175167175373493,0.6976430441700597,0.0012219987296399303,0.3620810012289212
0.147000,0.020591212519004042,0.005432362977627407,-9.709440364699673e-06,0.1087792197817911,0.0038546854808487914,0.2287169791312252,0.0125812310080454,0.3483992542244074,-0.013692681503520272,0.4654876034164315,0.015656668480570988,0.58184315631514,-0.016314875718894124,0.6975056842166608,0.0004936094426468834,0.3619389401065377
0.197000,0.02133607955325119,0.005676518947850469,-0.0005882361253371562,0.10866846878897875,0.0051219814733815296,0.22853253102188972,0.011673792043134677,0.348353538271278,-0.013445117982507034,0.465695092543936,0.015308899239707859,0.5821991975942927,-0.017494958857138067,0.6976284265354983,0.0011978274086065568,0.362069780095303
0.247000,0.02194602352497286,0.005816000588706261,-0.0014330073075476055,0.10853293697426916,0.00613724076621892,0.2282939128558209,0.01050501354564637,0.3482143971816745,-0.013301702654669744,0.46582919329065725,0.014753917000306134,0.5825034501161253,-0.018702452574076222,0.6977452452032474,0.000273126973096012,0.36206582573295365
0.297000,0.02288136863326911,0.0059006710389183335,-0.002023405766867773,0.1083411936257033,0.007177371083296838,0.22798794746933945,0.009262918946266739,0.34796982314271235,-0.013311540853070361,0.465827337810119,0.013813469714084519,0.5827214514382472,-0.020279721644999575,0.6977764569814708,0.0007902317309549864,0.36198595169740555
0.347000,0.023432037253011632,0.006009147803447698,-0.002582161221742294,0.1081189727165653,0.008244258861909914,0.22762959411971198,0.0080130544794445,0.34762937138833183,-0.013197920699496594,0.4657398896833406,0.012874038426304897,0.5828733731427783,-0.021708884023377457,0.6977821259633218,-9.561135268009932e-05,0.3618815775021392
0.397000,0.024350752278614368,0.006232723815419889,-0.0030243198916212327,0.10796692016598092,0.009315786868707312,0.22733074117194424,0.006793352352490449,0.34730422709325676,-0.013031275145992092,0.46565533247274343,0.011881067323470473,0.583040915883502,-0.023077629260667077,0.6978359050299721,0.00043813212010276534,0.3618597942314239
0.447000,0.024867580026617837,0.006395336735787522,-0.003340300784948576,0.10787519548909505,0.01050196265423456,0.22707415413756735,0.005668401903425241,0.3469767674971943,-0.012643423688947941,0.46557135861953214,0.010992639510944516,0.5832205682063824,-0.02419222481920303,0.6979464385324299,-0.00016470824578293866,0.36182326694729117
0.497000,0.025425174520314297,0.006653024803311217,-0.00369386938115639,0.1078157739184393,0.011556632404943637,0.22684275487348207,0.004475151709202627,0.3466336252733412,-0.012291346774695715,0.46545653774643886,0.009997578022486119,0.5833683854606765,-0.025285189339015187,0.6980641845437907,-0.0007335504395131788,0.36180505701545057
0.547000,0.02567713689901996,0.006841297783547479,-0.0041050336933786714,0.1078001478189769,0.012554592299329323,0.2266380915145114,0.003248301430807274,0.34627668457824834,-0.01183070908353119,0.46532551255193516,0.009024828821225208,0.5834993105729145,-0.026178572828592525,0.6982194941165333,-0.00032841066077564374,0.3617943355151017
0.597000,0.025950443078115705,0.007055579443396935,-0.004520601964391271,0.10783176739075574,0.013434983575923801,0.2264808168934987,0.0019697898710035397,0.34593185009668476,-0.011416663792004858,0.4651828578841585,0.007935811934039201,0.5836120843583393,-0.027079293756154713,0.6983898800049907,-7.11528535101251e-05,0.36178273020775054
0.647000,0.026050027153113865,0.007213589459295865,-0.004872158653078194,0.10781588758605935,0.014336732807571839,0.22626848767130806,0.000848485150950009,0.34550802463375707,-0.010776749469201798,0.4649435885166338,0.007077226535833335,0.583607970370687,-0.027581230160267783,0.6984939632755072,-0.00032560514033657187,0.361700565446331
0.697000,0.02594033241956143,0.007503950265800757,-0.005113893447930135,0.10789723048612142,0.015284115845214313,0.2261508613660516,-0.00026613987455781016,0.34513905215336427,-0.010041002346112788,0.4647402731479627,0.006154877847341294,0.5836423062013093,-0.028016010855152356,0.6986742598716001,-0.0005312649642110062,0.3617560749846355
0.747000,0.0260921820389761,0.007687848129051205,-0.005635339300371831,0.10805260108674962,0.01597397940459319,0.22609088871017904,-0.0015078144254456888,0.3448106717465708,-0.009271762559091488,0.46455924630700407,0.005264548421872486,0.583675557797334,-0.02818582248822858,0.6989190942118302,-0.00033267566606979757,0.36171309704703236
0.797000,0.026063679024980222,0.007863212431344056,-0.00571315469735896,0.10818294906379822,0.01681905192815556,0.22604854906289412,-0.0026547135489426756,0.34445789184235076,-0.008605431002311238,0.46431025503040296,0.0040764191445282,0.5836382512271302,-0.028720435463969657,0.6990694702522672,-0.00018169877219126676,0.36163372765222446
0.847000,0.025827843460216843,0.008012894392151923,-0.005964191493288994,0.10829380602601052,0.017501944702643078,0.22597702680081835,-0.0038275547265935565,0.3440661984205046,-0.007815708939980293,0.46399990771762467,0.003010155695040668,0.583510579436754,-0.028900719634357037,0.6991898603620539,-0.00031860192848710833,0.36161712712964883
0.897000,0.02543321541770458,0.008206567704453672,-0.006242502603966464,0.1084522615408335,0.018049499009095506,0.22596778668801384,-0.0050094986379099,0.34373145946998956,-0.007061458935847378,0.4637139142560336,0.0019072953441529664,0.5833782842353681,-0.029017074839357997,0.6993251829807485,-0.00034376634818713767,0.36163308458487775
0.947000,0.025123481053878405,0.008280706685960787,-0.006428444733298448,0.10865277433392931,0.018561853812597957,0.22602178633045553,-0.006206139259925102,0.3434379117927846,-0.0063180688769491275,0.4634378595915383,0.0006716132232544719,0.5832341214024275,-0.029161198039707126,0.699466661472838,-0.00046838026710600833,0.3615285181641408
0.997000,0.02521628021910334,0.008544860632636367,-0.006299486737146774,0.10888002626377855,0.019211344363437785,0.22613699832111905,-0.007202392015653834,0.34319388419442565,-0.005486368562148094,0.4631816138315016,-0.0005330465247328324,0.5830793394175735,-0.029254203898936168,0.6995915495884727,-2.7331187492082853e-05,0.36164407714079166
1.047000,0.024863235200036655,0.00870284776353026,-0.006157040873218396,0.10916958901787947,0.019806004929481928,0.2263272615882162,-0.00814964397683119,0.34302551217108807,-0.004548774658766332,0.46297147391719856,-0.0016704058945794,0.5829369480855658,-0.029111237641379184,0.6997573262229344,-0.0002590945993184504,0.3616558290319234
1.097000,0.024311303398656392,0.008846774293180325,-0.006142553480978221,0.10942382346789281,0.020188063844787087,0.22649943394534527,-0.00914890035748504,0.3428581144210602,-0.0036955088762254847,0.462734135867914,-0.0028386962508365997,0.5827310769567037,-0.02890036733611043,0.6998668498594774,0.00010154912806144972,0.361731536821709
1.147000,0.0240249108009855,0.008864983426216541,-0.006024880278815575,0.10973631390155594,0.02052125996920881,0.22676324426584515,-0.010154785475717215,0.34277608937336373,-0.002887002491203744,0.4625558010506479,-0.0041517814016134545,0.5825491355915923,-0.028747020159885076,0.7000015694824505,-0.000876886128847263,0.3615641190055046
1.197000,0.024525167730600678,0.009112630611950992,-0.00548712496521123,0.11009431167489155,0.021074556801236908,0.22711771558056815,-0.011136748385768492,0.3427137008830457,-0.0018630989920311106,0.4623548285395249,-0.005747811145632647,0.5822919329379643,-0.02857906582134036,0.7000999709060217,0.00020431399732694436,0.3617880324844351
1.247000,0.023917727329567113,0.009137972285224382,-0.004743559567142765,0.11038000793938949,0.02165672037779317,0.2274399294276128,-0.011748777941679573,0.34269648100724204,-0.0009272450277384228,0.4622075450364459,-0.007021484568478929,0.5820526961457841,-0.028364064490743458,0.700139504394046,-0.00038083432550193794,0.3617655693662731
1.297000,0.0228568827757208,0.009024695578946881,-0.004688199456824495,0.11062229452739468,0.02156440302641923,0.22771542354381813,-0.012799843645280154,0.34268976220548025,-0.00031679419979401685,0.4620387189522468,-0.008512382043470164,0.5817585265861408,-0.028117092505223026,0.7001462595980994,-0.00013055034299351911,0.36172105290001955
1.347000,0.022453684312927612,0.008999123719401878,-0.004369458494784827,0.11080441132352115,0.021609151673679182,0.22795863366329605,-0.013598441766741628,0.34267753081562136,0.0004295999135116822,0.4618547687669913,-0.009823649039365504,0.5814159283710137,-0.02768242105141275,0.7000795886138266,-0.0007227754986511362,0.36169020055829487
1.397000,0.02195691121761184,0.008960058990162353,-0.0040230728803880116,0.11101275663921803,0.021480000247819358,0.22827141628112815,-0.014532906172240817,0.3427400607702633,0.0009218809568464041,0.4617406891500941,-0.01147836199377772,0.5810982778270001,-0.027567200816519845,0.7000148421287653,-0.0002460370341523105,0.361752463475953
1.447000,0.021575945771110102,0.008955229501747193,-0.003373131768157303,0.11129461564139262,0.021511484936325424,0.2286860797690167,-0.015214291110193817,0.3429280045167107,0.0015189949876214075,0.46175559868469185,-0.012992465909536455,0.5808749401116241,-0.027343690100570493,0.7000136926801626,-0.001072837336742339,0.36178289897075544
1.497000,0.02157507505268641,0.00892409742027926,-0.0025720343958609074,0.11146583721805255,0.0214687119105139,0.22903302020059046,-0.015942982930842682,0.3430521637032365,0.0019143669859101875,0.4617160379548294,-0.01479966907845797,0.5805463413198668,-0.027425284390803814,0.699880300600917,-0.0018864160464283596,0.3617698089704994
1.547000,0.021442802931903725,0.008874026475877912,-0.0013672311443121143,0.11172602708190314,0.021688859832312092,0.229490268730312,-0.016323683856360224,0.34331050624796267,0.0024978969756986394,0.4618252650402103,-0.016373770022130987,0.5803320588455056,-0.027328986627014717,0.6998309426424779,-0.00115982345975503,0.36191354399210857
1.597000,0.021392936817747198,0.008811723438736591,-0.00037305447308575573,0.1119173361394852,0.02159654361190256,0.22988909867374485,-0.016861861518538544,0.3435594601140651,0.002881230944594436,0.4619241942881118,-0.018094750785072,0.5800766728469912,-0.027280959723435833,0.6997245460639173,-0.00036342832739111666,0.3620484414732051
1.647000,0.021152061253325163,0.00868527921369787,0.0007300532200857218,0.11209616490976301,0.021517095800689248,0.23028203064991684,-0.017272323548980374,0.34383986149620094,0.0032633958071526664,0.4620696556706122,-0.019724258260396026,0.5798472756179956,-0.027177657509001536,0.6996155804387655,-0.0012550502750383538,0.3620412622921242
1.697000,0.020732067886667895,0.008319785230249649,0.001784126882697433,0.11210502550697952,0.021337265201943113,0.23050128706533834,-0.017576105370380034,0.34401670255447236,0.0037451658141896688,0.4621073599336267,-0.021135298828228316,0.5794997040988163,-0.026724389509593764,0.6993694753716199,-0.002132267210410675,0.361948300341348
1.747000,0.020308510847318374,0.008096193902636946,0.0026941590826472343,0.11203054490062463,0.021090743915877626,0.2306120175940138,-0.01774361477718402,0.34415448798289605,0.004322094608895027,0.4621083114437512,-0.02218401769602962,0.5791443144868,-0.025918579418047514,0.6990861881075624,-0.0011368909505364289,0.36188086514603535
1.797000,0.019911608665033272,0.007776180744720103,0.0038490230617372924,0.11200622095664209,0.020746045883023784,0.23081064267476198,-0.017995127120929266,0.34438494220717275,0.004601434294947294,0.4622382213816549,-0.023695549643940945,0.5788541752643135,-0.025590028453720562,0.6988392199575554,-0.0003140758076315593,0.36185213292034785
1.847000,0.019596606430090507,0.007558472576996434,0.005042128611187663,0.1119795717418849,0.02040919145015104,0.23099156012836355,-0.01810668523106766,0.34464246088800193,0.004918216969797721,0.46241280468745144,-0.02501745179993545,0.5786188963320326,-0.025118078672195534,0.6986188541413278,-0.0012833451713045417,0.361816219490192
1.897000,0.0191156800477268,0.0072282028987154055,0.006209595542681502,0.11191300119666348,0.019914453681344695,0.23112783610993723,-0.018255634548806753,0.3448953374646847,0.005071508799018212,0.46260618821018734,-0.02644262577393999,0.5783941812065145,-0.024757501542458583,0.6983823487745063,-0.0024091749655940214,0.3617782569826792
2.005000,0.01895478934817667,0.0071197367265810945,0.007394279736256108,0.11182748728709963,0.019424145005522912,0.23122297439445752,-0.01826606323227643,0.345150355664244,0.005272964445635121,0.46281901834032985,-0.027659666222288163,0.5782115737210394,-0.024232961623454192,0.6981626374745231,-0.003801305765622206,0.36169858124216675
2.225000,0.01895478934817667,0.0071197367265810945,0.007394279736256108,0.11182748728709963,0.019424145005522912,0.23122297439445752,-0.01826606323227643,0.345150355664244,0.005272964445635121,0.46281901834032985,-0.027659666222288163,0.5782115737210394,-0.024232961623454192,0.6981626374745231,-0.00175708904993618,0.36167743703846966
2.247000,0.016923733721963534,0.0051427822201814645,0.01468157829891063,0.11056230194190614,0.014873445725502041,0.23056214855385232,-0.018062217011437946,0.34595383854961637,0.0038160650547529734,0.46394257010408363,-0.03576710795171305,0.5772261629793987,-0.02351595624296906,0.6965991468652396,-0.0028107471807554373,0.36113904821685433
2.297000,0.01665480697071039,0.005041581073958116,0.01608745776686791,0.11045469469515244,0.013961732201608446,0.23043586526295853,-0.01781239020501185,0.3461527834093073,0.0032659465064748903,0.4642870448302729,-0.03710873208544081,0.5772909621455552,-0.023639108204197772,0.6965326043369378,-0.004159124560416443,0.3611913229618991
2.347000,0.01643720673359118,0.004896215531171898,0.01733561380619528,0.11029873685503552,0.013009721000983472,0.23022073922084102,-0.017489402346254155,0.3462802217072747,0.002768242441340635,0.46455797882016786,-0.03819407739555501,0.5773502141625895,-0.02356492620011057,0.6964551592123057,-0.0034399129572428785,0.3611744869271656
2.397000,0.016063144524343546,0.004779484679376426,0.018859639475681558,0.11017435621479797,0.011891296621220937,0.22997186118687582,-0.01693180054154476,0.34645889504767813,0.0022092587958977873,0.4649224752694855,-0.03927009569682674,0.577525597445537,-0.023347471304141113,0.69646453146753,-0.005550819178186107,0.3611532836267447
2.447000,0.015961796009266237,0.004731270647502555,0.0201647216028594,0.10999278017543561,0.011011132924187542,0.22964315340635855,-0.01627782961444785,0.3464991011376941,0.0018358581912063347,0.46512411665853276,-0.0399003120518862,0.577632303394906,-0.022970272126272683,0.6964320245306793,-0.006489615204278879,0.3610431613762631
2.497000,0.015422659299050444,0.004522805260954705,0.021256273935495253,0.10977588098759844,0.01003263682856752,0.2292498529224048,-0.015624353417107025,0.346474930538459,0.0014436105061853364,0.4652549142234962,-0.040366429937332984,0.5777356698936356,-0.022489506412235974,0.6963965965584611,-0.005596946064124626,0.3610178364736543
2.547000,0.014897380026713411,0.004425560315699372,0.0221492273680578,0.10953390924564152,0.008895297987596832,0.22879971891312342,-0.014956346075366271,0.34640541211983716,0.0010036017211449925,0.4653393436372412,-0.04068582879129046,0.5778648579940654,-0.021887905589495157,0.6963833716662869,-0.004778174411891059,0.36096329539298566
2.597000,0.014270521768090865,0.004388941939014806,0.023091995683743087,0.10940418552024814,0.007830870300347108,0.22842980482952038,-0.014233296524218132,0.34638391684898506,0.0005073377429903481,0.4654751159403032,-0.04098357077560057,0.5780739814332515,-0.021429296995826998,0.6964700555931805,-0.0057168593573851175,0.3608949466508509
2.647000,0.01425913977907125,0.00430197328344898,0.024086819121551264,0.10920916862822805,0.006744714654931103,0.22794943733547166,-0.013497813141841314,0.3462297825682975,-0.00016447160270978943,0.46548674045084804,-0.04138160473517091,0.5781861101755302,-0.02123579906259996,0.6964829677576425,-0.005017203711284732,0.3608019494767918
2.697000,0.014015445283483212,0.004221432811743976,0.02514673733531482,0.10900690540727928,0.0058075508765592695,0.2274383027101629,-0.01260112979183337,0.3460178982401239,-0.0007270404756482794,0.4654289781402373,-0.041555487953639385,0.5782697415040893,-0.020935539049064665,0.6964848746604356,-0.005795587221611177,0.36063471346995596
2.747000,0.013810422285380942,0.004205415356139299,0.026038937298034602,0.10884496471313992,0.004718692802488754,0.22693580760389978,-0.011763961829078472,0.3457984261864317,-0.0014581627399603107,0.46535506759599415,-0.041752043319211715,0.5783878203177828,-0.020759915002322406,0.6965374311877606,-0.005171277772196054,0.3605511260608299
2.797000,0.013649360788939231,0.004301864207557318,0.026972243093739467,0.10879096171745004,0.003739083374870623,0.2265203985182927,-0.010850596933739248,0.3456301849687025,-0.0021795816388586135,0.4653164978403166,-0.04185939752279103,0.5785662758058806,-0.020639122625902707,0.6966751235837824,-0.00462107482950787,0.36056200415221473
2.847000,0.013557112511699668,0.004561360687790361,0.027735727872693013,0.10888211012918486,0.002587149102923677,0.22621730938913223,-0.01006947025109407,0.3455479843493345,-0.003169962286892102,0.46534947344559774,-0.042123852460887234,0.5788509907875028,-0.020821299632594308,0.696945026378527,-0.005556297236405668,0.3606303078456524
2.897000,0.013424835275013104,0.004718810469337564,0.02850178035842824,0.10889110559326473,0.0015726608002257555,0.22583050236221047,-0.009144754406814726,0.345350948359025,-0.004011383657491312,0.46524110017369924,-0.042115828729367026,0.5790306043335628,-0.020815906785933543,0.6971251144276994,-0.005132040874928008,0.36065120272837786
2.947000,0.01393668186210215,0.004964227748775297,0.029513756472139652,0.10906999712726916,0.0007381836409325396,0.2255687799843251,-0.008099369267906435,0.3452429111010525,-0.004940244585861217,0.46520132027014643,-0.04216302068193492,0.5792822780907955,-0.021099105549166827,0.6974191117848706,-0.005625765813133697,0.3606562316088613
2.997000,0.01392095801414844,0.00513826370776604,0.03047071089703786,0.10917496447556156,4.904408270490351e-06,0.22524319714074117,-0.006951083655916323,0.3450414201142208,-0.005732185315321861,0.46503522947025766,-0.041948854866598294,0.5794395687495005,-0.02118879432204538,0.6976301770122422,-0.005291959602655862,0.36065023760630227
3.047000,0.013921976398000082,0.005205666047030106,0.030878994596254077,0.10916024136234678,-0.0011166004252012567,0.2248161184253472,-0.006051370403155006,0.3447146090132804,-0.0067501687457038224,0.4647125743330148,-0.04172443470672797,0.5795028209590841,-0.021291973067940975,0.6977505038597231,-0.005831200884052786,0.3604742221335668
3.097000,0.014141647197075505,0.00538307976062531,0.031337561246965906,0.10916607584692717,-0.0020804819980864767,0.22441899071536656,-0.0050646589546230435,0.34438187950974364,-0.007686893603256965,0.4643532256114169,-0.04135940539822985,0.579532051570954,-0.021371552232656764,0.6978556997814086,-0.006248965019224985,0.3603074170267036
3.147000,0.014807745683072025,0.005547520270109992,0.03232892665992902,0.10936796998070562,-0.0026803975239544225,0.2241475292214535,-0.0039501359800268795,0.3441408113840534,-0.008815685523125227,0.464042130924772,-0.04129804327108738,0.5795622436090245,-0.02213372099613995,0.6980220627493174,-0.005956268807293009,0.3603106934993139
3.197000,0.014903753820299227,0.005784924913650082,0.032768347101824254,0.1095071138780723,-0.00356262819717436,0.2238752048552616,-0.0030403641474957607,0.34387406835093115,-0.009974648175638449,0.46367354958944074,-0.04106467123965268,0.5795761400084778,-0.022672011224328645,0.6981582215279568,-0.00635948871322708,0.36019885823212294
3.247000,0.014920277035842394,0.0059573452550357045,0.03291758695970642,0.10970921929850815,-0.0046433556516623335,0.22367928374582413,-0.002325487272207657,0.34365689618319145,-0.011373740199135712,0.4633152812590828,-0.040942015255699564,0.5796153978117736,-0.02344581837649367,0.6983330590705066,-0.006641729258637721,0.36021845001844904
3.297000,0.014927541192665773,0.006179657909499211,0.03296588029123576,0.1098987367838812,-0.005674689672812466,0.22350730315475903,-0.0016236725053047282,0.34343890557841844,-0.012721213762415674,0.46292465610142725,-0.04070103343780647,0.5796171138308357,-0.024164584327868957,0.6984722603362692,-0.007016472036112758,0.3601291843947317
3.347000,0.014943642116050907,0.006300109061600232,0.032920642921673224,0.11006928354060247,-0.0066927651523211625,0.22334230725216703,-0.0009188825211655476,0.343203319592965,-0.014089391896979813,0.46247837013909365,-0.04035614867659297,0.579568324824711,-0.024898412601814877,0.6985685701834525,-0.007399669001881539,0.3600799263015629
3.397000,0.014995761701670912,0.006442472197720921,0.03279494630056412,0.11022416352031156,-0.007666486201722222,0.22319704734586582,-0.0002715474263821349,0.3429689759456374,-0.015461890657548008,0.4620036493501516,-0.03999092883778069,0.5794699265787782,-0.02569136171164263,0.6986148902994687,-0.0076570036946013754,0.3599609362398739
3.447000,0.01505008331714643,0.006531205559723232,0.032584706855857196,0.11038103703261772,-0.008615036351899055,0.22308676519057224,0.00036590001634809015,0.3427502215252003,-0.016857404972527752,0.4615077802962535,-0.03954258900645158,0.5793440328900412,-0.026523672795889665,0.6986357250597068,-0.0081904292975934,0.3598689629037831
3.497000,0.01622611766296702,0.006846232872053691,0.03284903221101257,0.11072875226731893,-0.009166818898257604,0.22313279247562154,0.0010740314599281108,0.34269501470220787,-0.018326678757914695,0.4611163491103821,-0.03937168438367656,0.5792565528437768,-0.02791464598862293,0.6987083685311547,-0.008224501920375951,0.35988029024519436
3.547000,0.016548084621971965,0.006941528859179551,0.03293641119775906,0.11097293043698996,-0.009695268258209214,0.22314485164139633,0.0017322456577182465,0.3425994954427161,-0.01963877053064015,0.4606811606878034,-0.0390299575551515,0.5791040548669263,-0.029067315375260062,0.6986897804398174,-0.008717580167424292,0.3598315529622106
3.597000,0.017080643594323746,0.007088401472284428,0.032848011418392345,0.1112030591089431,-0.01021561164671277,0.2232098641187554,0.002499029375555583,0.34253437083751304,-0.02085780670964866,0.4602393333840797,-0.03830799123208514,0.5789637666745054,-0.02996457033707251,0.6986733624793892,-0.009358583753310716,0.35977012776971473
3.647000,0.017393118819756956,0.007151535140908632,0.03244821061695465,0.11138752771656928,-0.010853280319596578,0.22330258873358694,0.0031017054252672153,0.3424884032071909,-0.022071167251849245,0.45981839289742127,-0.0375241965529951,0.5788192495531403,-0.03076302621470684,0.6986286255412412,-0.009166549421203759,0.3597274320486064
3.697000,0.01792454993625065,0.007198172375636717,0.03202353733518954,0.11157105683925747,-0.01142408464365166,0.22342946796458524,0.0036576487192245734,0.34247795101178097,-0.0233319439983492,0.4594034053993865,-0.03676305083541523,0.5786493922043922,-0.03171824239471209,0.698543303253664,-0.008946530499786977,0.35970790500361255
3.747000,0.018226074132360316,0.0072041091707969905,0.03155732231861066,0.11169630068547473,-0.011900670030225265,0.2235506832250183,0.00422009796836806,0.3424629232889818,-0.02452596218038411,0.45896899189894913,-0.035890203816925086,0.5784296716717817,-0.032639587449901156,0.6983856364794464,-0.009676478364982394,0.35956200713400255
3.797000,0.018632751211276853,0.007165939887375637,0.030818918632955248,0.11178843418052181,-0.012548757515326896,0.22367786471574946,0.0044629274171769096,0.34246592209424664,-0.02593949789906492,0.4585507726773019,-0.03530471730980031,0.5781847672833034,-0.0338742677543146,0.6981762412057002,-0.00953640085488737,0.3595285731001962
3.847000,0.019666856866177376,0.007165849412011183,0.030614181864294654,0.11190691609847012,-0.012770775586001919,0.22378964696848486,0.004771513477441295,0.34250050617824146,-0.02742878109165081,0.45809955907065186,-0.03506103359114481,0.5778565994556795,-0.03572954817756363,0.6978547373088656,-0.010580191023884054,0.35932687976159944
3.897000,0.021150321877373875,0.007153013582688801,0.030431509062180728,0.11205265596654487,-0.012883289465338468,0.22396256717699453,0.005046003704204053,0.3426155926170892,-0.028924667635611953,0.45770683245705096,-0.03484967807752943,0.5775604692448192,-0.03772671854677366,0.697525975279422,-0.011739479307730477,0.35911921379599043
3.947000,0.022262931916226334,0.00730767676863785,0.030208262885647173,0.11226944751219331,-0.012984794941389263,0.22422640243191166,0.00513460777493089,0.3428505451875556,-0.03061291609810392,0.4574023436744476,-0.034908741928653786,0.5773254268585218,-0.04014524636542857,0.6972111183368463,-0.011458375383739176,0.3592685004145177
3.997000,0.023696798749297865,0.007158169567580445,0.02989995639025753,0.11238745085734898,-0.013044783064831564,0.22443989105002982,0.005164846390374123,0.3430502168867969,-0.032205320013180105,0.45708297824497185,-0.03492179918286864,0.5770522273920785,-0.042467548153108534,0.6968147493782073,-0.011111451979459248,0.3592405250102978
4.047000,0.02434143760941318,0.006979604917338612,0.02928269445091454,0.1122432876243005,-0.01307385293618735,0.22451938879210995,0.005325494408896011,0.34310043288126846,-0.033375208307804397,0.4566885291292185,-0.03429511124541511,0.5766850031548556,-0.04398566237693616,0.6962930849000596,-0.012194617312800728,0.35887986767618973
4.097000,0.025241338182918144,0.006758705107080081,0.028521447186011798,0.1121172751506787,-0.013131713392378161,0.22465622047109135,0.005357174335394985,0.3432233366146064,-0.03452599457367083,0.45640165979431646,-0.03371254112929815,0.5763989026521998,-0.045489120030707764,0.6958196386630737,-0.011646582341170095,0.358871703186388
4.147000,0.02579126054178382,0.006586851813527604,0.02766140907824874,0.11195659595358688,-0.013108737501502505,0.22481843692681197,0.005392203773162355,0.343383672860248,-0.035537214675217754,0.4561878514418829,-0.03296140282121175,0.5761602032288372,-0.046817496601037414,0.695357554982828,-0.012804972294961036,0.35858105560153425
4.197000,0.02638919237323355,0.006366984833058238,0.026635737760907902,0.1117280427969678,-0.013135946708008925,0.22494559051616284,0.005291334081513301,0.3435222969862832,-0.036527351910300994,0.45599983918219716,-0.0322533632536195,0.5759237026085402,-0.04810570981424,0.6948720237758496,-0.012171987126577459,0.3585872965259828
4.247000,0.026667483315365174,0.006365760919340095,0.025537979354147297,0.11171435059078819,-0.012991428115118712,0.2253606649088727,0.0053475766649076426,0.34395105617653265,-0.037151063514170427,0.45617344957591166,-0.031098282616664523,0.5760207017030722,-0.04885602750222949,0.694699522461036,-0.013198180985849853,0.3586061809024025
4.297000,0.026942079825535738,0.0063134688081881215,0.024234416491867992,0.11164548544258326,-0.013023096641896124,0.22571510328194283,0.005125734122479814,0.34433474727090274,-0.03791843591154394,0.45634902950498074,-0.03024126343880474,0.5761031986265595,-0.04978792983205596,0.6945005289716478,-0.014653133736885433,0.35855634514612583
4.347000,0.027116777983379206,0.006227132879774492,0.022809580951557284,0.11150906440159665,-0.013029914929834206,0.2260321211835561,0.004731772609368801,0.3447103519389284,-0.03880947740905033,0.45653235132328585,-0.02954399899196756,0.5761741120484458,-0.05100936517882207,0.6942386624199652,-0.014006179727931486,0.3587561371391428
4.397000,0.02743098056468013,0.005982528015822306,0.021313118990703407,0.11126698542996385,-0.013078755721787783,0.22623306283409353,0.004167190491224902,0.34498733576386026,-0.039770546802789464,0.45665414032697305,-0.029066120432228486,0.5761757503227797,-0.05238833863668198,0.6938875769928684,-0.015586660294414474,0.35851269220285653
4.447000,0.027713990218267783,0.005747956178977151,0.01997875774832558,0.11086997074350227,-0.012832318355126722,0.22629714815383142,0.0037779247435931126,0.34514200426532066,-0.0404259948547259,0.4567037068881286,-0.02834172309522466,0.5760936996681474,-0.05349180094535965,0.6934285776206367,-0.01479460572574116,0.35857481241731953
4.497000,0.028040644266053443,0.005406141709300651,0.018568205426316757,0.11044890267287495,-0.012634795797231552,0.2263211284849213,0.003225893202941737,0.3452683375502305,-0.04114133793660511,0.4567651931157292,-0.02782069573837474,0.5760235701439932,-0.0547233760133216,0.6929690522885414,-0.014098354398510902,0.3586314175471934
4.547000,0.02851028868718802,0.0052377167022994026,0.01721361519699538,0.11001965396404247,-0.01225129704585353,0.22634600070678906,0.002741777191626032,0.34540568205464206,-0.04165081085816878,0.4568924441659458,-0.027162122923194428,0.576014557644978,-0.05577290567773968,0.6925539205665202,-0.015417700665925325,0.3583436000780041
4.597000,0.029480271900732977,0.005054267512424721,0.016427487698450167,0.10970756331251375,-0.011532576428268992,0.2264047561391372,0.0022366655597730635,0.34561217191036503,-0.0423192912181481,0.45703374394702473,-0.027060368019359522,0.5760596455928433,-0.057541446490008315,0.6921238685680544,-0.01686883640131616,0.35806144618552094
4.647000,0.029967175474146616,0.0048974378486129535,0.01494193491512161,0.10922961710896738,-0.011181248936572734,0.2263516870422082,0.0014650182677070946,0.34568345953299784,-0.042908914321722974,0.4571776482000943,-0.026743046365262882,0.5760837654237606,-0.058822936537239204,0.6917162895964498,-0.01606041284618604,0.35815180761424836
4.697000,0.03150100480411574,0.004694998746565848,0.014329931744572765,0.10878096378099794,-0.010144267946276448,0.2262586788996213,0.0010975765420005584,0.34573093899585206,-0.04317903452166014,0.4572638117855247,-0.02644162249611171,0.5760908248704584,-0.06021122462874266,0.6912412220552003,-0.017061855770436216,0.3577934920256069
4.747000,0.03249595363007737,0.004559846193859166,0.013723707949131202,0.10829525623978017,-0.008979692071367333,0.2261280005323121,0.000761157969762033,0.34573199645417185,-0.04325848078222036,0.4573665404096383,-0.02602540583554598,0.5761226818419124,-0.06139516199683184,0.6907916852782865,-0.01594202437626737,0.3578459758386879
4.797000,0.033940937665466665,0.0043967754041421055,0.01310826429632056,0.10780342051232347,-0.007870234562981193,0.2259554521732741,0.00026335387397773136,0.34567948793526376,-0.043439960173484726,0.45743824750814416,-0.025884779502154037,0.576147200968264,-0.06278148917525869,0.6903340339013946,-0.016956137037951353,0.35748146683012416
4.847000,0.034868918477027055,0.004317636059006499,0.012484796725412025,0.1073241120465227,-0.006657644789052369,0.22578746896698693,-0.0002172313359690911,0.3456145154738308,-0.0434395858369024,0.4575601633186471,-0.025644308964326665,0.5762333621506845,-0.06396191401914866,0.6899512637443329,-0.015888003259880108,0.3575477463109717
4.897000,0.03609268217043644,0.004304874001064093,0.011856957010474838,0.10685589537244172,-0.005509580188331559,0.22559259309358634,-0.0008511611662437302,0.3455021387195066,-0.043539128142558815,0.45765265131498717,-0.025672711181920882,0.5763151607482055,-0.06533101606145036,0.6895724733336729,-0.014964570534998438,0.3575907517291517
4.947000,0.036600368786779934,0.004202509442752802,0.01085902377104363,0.10641020206400999,-0.004538236102524108,0.22541828745481393,-0.0016394202375414127,0.3453832692894253,-0.04353556366612214,0.4578319827805621,-0.02559031209767395,0.5764825956999287,-0.06637867312252486,0.6893378552357888,-0.01606566832302446,0.35732107422977566
4.997000,0.037852699876236,0.004216577958206862,0.01024002929968074,0.10597780701448767,-0.003385582757871354,0.22520172531973712,-0.0024408871766343973,0.3451980067215299,-0.04361526655462646,0.45791300342932006,-0.025876839485782142,0.576594713077953,-0.06782739107806254,0.6890231401820595,-0.015256849711433623,0.35736131803759713
5.047000,0.038658129503198586,0.0042568513244758905,0.00963118245000023,0.10556789387701737,-0.0021671366862753352,0.22498648399412807,-0.0032639074001426308,0.34498147178112304,-0.043574536720370455,0.4580082525182879,-0.026161646143529324,0.5767381613102971,-0.06916746699728187,0.6887671726095801,-0.016282768570749444,0.35708445069377737
5.097000,0.03981652257454037,0.004377892306031109,0.009033697101912867,0.10518848544235729,-0.0010423226030806948,0.22476471145281707,-0.004247833543754263,0.3447218900608903,-0.04367267895318106,0.45806068114515575,-0.026756596745658175,0.5768623905720336,-0.07074486228466223,0.6885093004928641,-0.017392506775360618,0.3568288254215599
5.147000,0.040553844834034215,0.004516056000560541,0.008450656619319971,0.1048697844755454,0.0001336022142392479,0.22458121503262685,-0.005255030544164069,0.34446016496544485,-0.04365658866055992,0.4581497437940826,-0.027361421844824083,0.5770382105957339,-0.0722170448158602,0.6883394823219822,-0.01670789185598575,0.3569144401831588
5.197000,0.041604411242543674,0.004810486192152374,0.007884986921635792,0.10462035837691482,0.0012104049360620872,0.22443458939860045,-0.006406773808979499,0.34419258949866094,-0.04377138907272034,0.45822716989510304,-0.028257431572575292,0.5772200987719217,-0.07390480200480495,0.6881990047523951,-0.01620611377356962,0.35699626246305527
5.247000,0.04226542144482774,0.005036061852839377,0.0073382861057107035,0.10442040208189952,0.0023233315417036937,0.22431556558202131,-0.007582111307143237,0.3439060426358747,-0.04377891100835292,0.4583166701640484,-0.02917388442825819,0.5774245758571412,-0.07549145836091992,0.6881254446206354,-0.01733545498261793,0.35687428587872894
5.297000,0.04343240338188126,0.005410799431335359,0.006856084673061556,0.10421750800862234,0.0033690641647546454,0.22416683350891276,-0.00885287556977337,0.3435428117839642,-0.04388247950178116,0.458316183470809,-0.030339026980301026,0.5775494627757007,-0.07725475308866527,0.6879981596612904,-0.018397633825019362,0.3567397737401787
5.347000,0.04433863955442905,0.00576339709918496,0.006719604961908689,0.10416429349163056,0.004668763364617662,0.22414676741487818,-0.010002003513752175,0.34324659360786863,-0.0438280637612862,0.45838041856009626,-0.03156437881707218,0.5777521155053481,-0.07903389830950236,0.6879639330167101,-0.016573189425404762,0.3570193936510688
5.397000,0.04519249401473056,0.006089116028359151,0.006415777058730275,0.10403495127419372,0.005742527345393204,0.22403306265442954,-0.011194237696993806,0.342831825231735,-0.04375397999290497,0.4583301506811711,-0.03274476370802087,0.5778240716846792,-0.08058009750615228,0.6878776079314592,-0.017591405637845663,0.356877965356432
5.447000,0.04569208298516183,0.00630231205523518,0.006063808037166302,0.1039037335402447,0.006901262548675069,0.2239008112960848,-0.012327163020273472,0.3423502420677834,-0.04335404553511862,0.45826975104452977,-0.03368985952582481,0.5778799659460078,-0.081677491979817,0.687867179436761,-0.018340939865163393,0.35673284485387863
5.497000,0.046253956954028834,0.0066105195218961734,0.005711491269486661,0.10380599088581532,0.007953597009870444,0.22378504306513924,-0.013493570319607906,0.3418529007298794,-0.04297000880955813,0.45817632732120783,-0.0347181078671788,0.5778922666561065,-0.08274392919601398,0.6878628103743714,-0.018034333260496707,0.3567194983161134
5.547000,0.046491164897377174,0.006806985036186422,0.005312524173423663,0.10374285207734477,0.00895316016193795,0.22368761340354487,-0.014679032925329974,0.34133760044088407,-0.0424726301816559,0.45807455239506695,-0.03571599923478647,0.5778841844713227,-0.08361283228236843,0.6879109693194317,-0.018710303272659864,0.35660110258741556
5.597000,0.04671329160060302,0.007077598578278874,0.0048872649256301165,0.10371100290129436,0.009817072303200211,0.22360969763655833,-0.015918382636390824,0.3408175743302869,-0.042020739672290724,0.45794428758209144,-0.03681609104595805,0.5778313662548005,-0.08447547182704783,0.687961214268693,-0.01857377735507805,0.35656380886635375
5.647000,0.046690488800698454,0.00722108355230549,0.004524087602406329,0.10370204905736939,0.010754300595145615,0.2235402084474795,-0.016909182754579817,0.34030806228128846,-0.04119254499931401,0.4578253729980041,-0.03749473851371834,0.5777683854128574,-0.08470567061414302,0.6880912202664831,-0.018927541959753227,0.35648694500157185
5.697000,0.046804247205565745,0.007418976617446193,0.004227802656706733,0.10372960203523696,0.011648822218246077,0.22349991750231676,-0.017984007941596006,0.33978360241294986,-0.04041306927971443,0.45766887378918464,-0.03839058917522821,0.5776518291338153,-0.08506524437461543,0.6882026163763677,-0.018749783268618772,0.35641682110430256
5.747000,0.046841748259612875,0.007513784934102049,0.0040650458088273625,0.10373727126886968,0.012594622644276236,0.22343374706795063,-0.018903432101032708,0.3392261153276764,-0.039445989610282534,0.4574547215572093,-0.039128166423681165,0.5774543006743023,-0.08513606225460171,0.6882842312928119,-0.018897037951852852,0.3562972070323551
5.797000,0.04674805951148196,0.007793848753116941,0.003751482186340395,0.10387704262268062,0.013205024191442531,0.2235040903312158,-0.020121957657532163,0.3387833698249016,-0.03887179973906163,0.4573094995257713,-0.04034828252389906,0.5773004158426951,-0.08566783822514598,0.6884135917963067,-0.019367039962960533,0.35628552723859
5.847000,0.0466455007313122,0.007911377673543721,0.003542294658051899,0.10397707669800194,0.01381021396954829,0.2235369773026882,-0.02134547043357024,0.3382717926463638,-0.03826982075745737,0.4570723244874282,-0.04167693533153058,0.5770239462783783,-0.0862018304571941,0.6884579344074221,-0.019462340624193664,0.35618964169012224
5.897000,0.046044861619768424,0.008106226356963744,0.0030697698985847482,0.10423517930573559,0.014182185205575168,0.22371954742995914,-0.02264470837127297,0.3379289161762464,-0.037568523927954,0.4569972987520329,-0.04288655336307312,0.5768794015152083,-0.08636430244573849,0.6887261061364673,-0.01974890953701719,0.3562060207975617
5.947000,0.04574709685421293,0.008138697205139262,0.0029123351587958812,0.10435608279826525,0.014697797566384601,0.22377594242730045,-0.02378500120988914,0.3374380477953546,-0.03675813416468585,0.45673472763735845,-0.04411165178661113,0.5765092064649321,-0.08648191893071255,0.688780130839375,-0.019903490297647285,0.35610733823898927
5.997000,0.045527892412361284,0.008300034676674884,0.0030310394206801566,0.1046381888035965,0.015366257668431367,0.2240025150940753,-0.02463634246480484,0.33713868076438724,-0.03572079343703516,0.45662564635747677,-0.04508380340485335,0.5762598139031344,-0.08627661720903519,0.6889680748731885,-0.019980881737574827,0.3561066983520413
6.047000,0.045184904462370334,0.008315535774935715,0.002989239696897121,0.10479399130193716,0.015754015911948086,0.2241131451927074,-0.025652325312374095,0.3367431363396038,-0.03489738973691132,0.45638647624311185,-0.046264728285647753,0.5758468613669312,-0.08620398008325045,0.6890054057429303,-0.019955840290388216,0.356062031933687
6.097000,0.044584074800277956,0.00835255095353019,0.0029937120215888305,0.10503032898367043,0.01607631615585478,0.22431505335801596,-0.026661484509951615,0.336446585026167,-0.0340549323586049,0.45621860566916195,-0.04749096681596337,0.5754640373554837,-0.08605088117447865,0.6891000043934767,-0.019843465438774285,0.3561066946192268
6.147000,0.04412261877213457,0.008354174765615396,0.002987479345140237,0.10528453899395768,0.016241835379906082,0.2245503012482763,-0.02776116749738136,0.336191403615556,-0.03334160051255164,0.4560615782519649,-0.048911592774462234,0.57504718805821,-0.08600435086889707,0.6891704867178079,-0.020385691859218597,0.3559938784129604
6.197000,0.0432823830507336,0.008277576578706118,0.0029936362644138736,0.10552662100179204,0.016329550973813587,0.2247832911668759,-0.028778493650345897,0.3359825011918793,-0.03260476212878468,0.4559214843021714,-0.05022911377245171,0.5746201878719255,-0.08578403972401016,0.6892319117075749,-0.02021729432063312,0.3560298908968873
6.247000,0.04264663831500946,0.008173283632245931,0.0030033650564438436,0.10573813338780284,0.01629595221104365,0.22499964070150943,-0.02982125929944715,0.335784128796624,-0.03191526326021511,0.45576585718645946,-0.051624721380241795,0.5741361966326862,-0.08553069544692347,0.6892465129496415,-0.02089372466540438,0.35587486011483327
6.297000,0.04162854553331133,0.00792477800454716,0.003048997497198093,0.10590662075223956,0.01620791989897931,0.22518295017775378,-0.030766748190659714,0.3356065914773782,-0.031200187518115048,0.45560580868461414,-0.05291035857264904,0.5736255886911151,-0.08511253830280988,0.6892241164526153,-0.021615715561622416,0.3556945826826403
6.347000,0.04141014167726711,0.007846975900266482,0.003357230640305235,0.10608837118536496,0.016151748230469082,0.22540433958851835,-0.03167072818477541,0.33546346344812406,-0.03058232492669541,0.4554585274176174,-0.05440951746899278,0.5730691770003543,-0.08490345633254609,0.6891300217828173,-0.021296117684257813,0.355699062377115
6.397000,0.04063114725160836,0.007826154249961444,0.003859691379029667,0.1064144626452607,0.01608078399659626,0.22579052764670599,-0.03255476085895845,0.33549277820049006,-0.03015069202063135,0.4554686943379392,-0.05612003540152585,0.5726249711836774,-0.08498774654997623,0.689100956919094,-0.021110135689233436,0.3558920329176357
6.447000,0.04011853702995912,0.007740208182905742,0.004161446662990932,0.10673318530690555,0.015807978333743918,0.22616667428621415,-0.0334199480163871,0.33560437920469643,-0.02968614067909723,0.45554627629204786,-0.057629801516469674,0.5722473980447721,-0.08473916440432036,0.689145141578542,-0.021925541002371714,0.35582040787167957
6.497000,0.03979276810297877,0.007618809134991514,0.0049539473581593635,0.10704321683975623,0.01584315590550889,0.22654813362967904,-0.033912446262181685,0.33574694338833755,-0.02895229303986193,0.45564438656310674,-0.05891744419592767,0.5718428793079473,-0.0842273122550907,0.6891433932830475,-0.02116052466082695,0.3559908087643892
6.547000,0.03960410060221303,0.007463639259272827,0.005881113362134781,0.10729028878801804,0.0158268999842118,0.22687741739477413,-0.03438847301852087,0.3358655649803652,-0.028333598031315493,0.4557127113328911,-0.060346298919978086,0.5713638547851071,-0.08384672410485308,0.6890402331119816,-0.02191886333361273,0.3558636392927239
6.597000,0.03929775463257708,0.007143683460427006,0.006881735772289607,0.10745613505608957,0.01583649868408025,0.22712155287249328,-0.034679767807985845,0.33597056214534904,-0.027611844322024695,0.45576223321466725,-0.06152788259706138,0.570869584620746,-0.08320124341924272,0.6888961300699438,-0.02266078814066158,0.3557073901276526
6.647000,0.03905595549864828,0.006902599335346595,0.0079138437760388,0.10758027410231638,0.01570468929518228,0.22732710172664397,-0.03502680561547953,0.3360759657396623,-0.027072313218849113,0.4558120340344976,-0.06289326737040743,0.5703408917240341,-0.08272451002583409,0.6886908888289839,-0.02183854047448043,0.35573093706222536
6.697000,0.03867056498807308,0.006537544819366614,0.008871040952998205,0.10768295103315387,0.015469236845279281,0.22750141289777503,-0.035316180526609856,0.33622510565254804,-0.02654897144867377,0.45590441061472325,-0.06411679055780933,0.5698722085293855,-0.08209147075570904,0.6885183667974524,-0.022752526985681663,0.3555651646312904
6.747000,0.03812589768248794,0.006285602629232545,0.00981711889426614,0.10781029656897086,0.015074148173294218,0.22769508977830197,-0.03569652454735209,0.3364256686945286,-0.026284933925946427,0.4560560242136585,-0.06556174369327356,0.5694462011004839,-0.0817448916966542,0.6883499677376815,-0.02200933125254039,0.3556299547630249
6.797000,0.03762137694014624,0.005882237128551823,0.01086056608901841,0.10784697346560812,0.014725147600596178,0.2277847281958863,-0.03584999862052421,0.3366063923290554,-0.02582960266062151,0.4561872924126671,-0.06669251767876005,0.5690155786542849,-0.08099634866612461,0.6881600305565239,-0.021031954052015134,0.35569419846801564
6.847000,0.03728925241118013,0.005629684385384843,0.011979183552907932,0.10793017906478329,0.01426771665267186,0.22790835464789208,-0.03604322271481772,0.3368524200207283,-0.025589626551164063,0.4563962292592131,-0.06802967475206488,0.5686407939770881,-0.08050444439720739,0.6879906164415588,-0.022101745894252026,0.3555471625135652
6.897000,0.036786555986287,0.005261384010918593,0.01312008595686482,0.1079948722926417,0.013816955642013979,0.22799284882825624,-0.03609781178608162,0.3371189959819019,-0.025303797443596877,0.4566325485789785,-0.06916477457776471,0.5683295256411891,-0.07984698794627712,0.68785312296636,-0.021128316957490727,0.3556536790813079
6.947000,0.03644941515385876,0.005023761063509584,0.014281197569575205,0.10804962574929661,0.013223277969040007,0.2280449623508446,-0.03620936796732899,0.3373903486994674,-0.025241627068658137,0.45688808365532163,-0.07049052971661175,0.5680300505677172,-0.07942701500563949,0.6876968347255569,-0.022270346376404217,0.3555179338773337
6.997000,0.03594323865436394,0.004680604992534503,0.015457380448778358,0.10809216346529837,0.012643877619572596,0.22805917643899057,-0.036180560983898914,0.3376774878429519,-0.02512689413574056,0.4571673051882381,-0.07160571938097618,0.5678005678347988,-0.07884193309067411,0.6875821908457916,-0.021330106986412994,0.3556408027164207
7.047000,0.03562460411570502,0.004372981824418928,0.01664605523569248,0.10807870172487509,0.011912556627009581,0.22798530700964426,-0.03622688460167281,0.3379061612557333,-0.025271286190631112,0.45740501005123274,-0.07294651189716268,0.5675279997211058,-0.07855616063605421,0.6873968106813476,-0.022552929401844113,0.3554124084323405
7.097000,0.03547064892543996,0.0041262569437689346,0.01791343541549251,0.10808908801649815,0.011299413435704782,0.2279066773481604,-0.03611950448865712,0.33814027577841466,-0.02537856862730433,0.45765861034187083,-0.07410679478336657,0.567319724578794,-0.07824823250505122,0.6872482386761404,-0.0236652749341554,0.3553001028120924
7.147000,0.03534876908408086,0.003886213974819166,0.019341631016762974,0.10804146752633409,0.010560083013214962,0.2277197212513169,-0.03604071690104679,0.3383016612205131,-0.02575733947313954,0.4578602332623169,-0.07556592883128872,0.5670348842860378,-0.07828764605106533,0.6870040147128921,-0.022872718309785108,0.3553320639476159
7.197000,0.03519610488357285,0.0036234076658578345,0.020765452853834503,0.1080477293748428,0.00991759039311622,0.2275564063821352,-0.03580286248158039,0.33850522426196966,-0.026038016800279756,0.45810726349550607,-0.07674937149315646,0.5668655206772633,-0.07817068857079941,0.68685710312272,-0.02400829455209824,0.3551558977851102
7.247000,0.03491628276200875,0.00346315850467905,0.022029773205678314,0.10804518272541787,0.008984861239848728,0.22733403497827404,-0.03565990759683359,0.33872005122591253,-0.02654566160456058,0.45837342777664913,-0.07805345174117717,0.5667567639277489,-0.07814700864009996,0.6867567274573543,-0.023304207923096787,0.3552659659086591
7.297000,0.0345012642499302,0.0032564946753034694,0.02324124367138442,0.1080480803147911,0.008080842361101473,0.22708657086348372,-0.03538357378342662,0.33893845743324735,-0.02696816560102821,0.4586430141766045,-0.0790968305471634,0.5667291015835118,-0.07793047569948565,0.6867234331845058,-0.02256141954797121,0.35539614616037357
7.347000,0.03422894562041621,0.0031300491077850064,0.024420514591805914,0.10804132205119231,0.00704786674924961,0.2267771258634314,-0.03515983045360485,0.33910926862244817,-0.027620109144099347,0.4588721702346543,-0.08029352016103215,0.5666938367578597,-0.07798111733261162,0.6866715546606398,-0.023862087885281838,0.35522820804206423
7.397000,0.03382403988960655,0.00292690373504752,0.025567983064990585,0.1080166437799806,0.006057882206770889,0.22642000506884813,-0.03480899885757136,0.3392468548523677,-0.028201013358136212,0.459064777249809,-0.08126373626817873,0.5666953836653263,-0.07788826247507644,0.6866479000068859,-0.025032152800117613,0.3550522918634385
7.447000,0.03314629074359058,0.002711609969655324,0.026444425964876287,0.10787144700904107,0.004896914932318714,0.22592103306634786,-0.03437950695979844,0.3393113443074409,-0.02869330527304241,0.45917654822574816,-0.08189680911875481,0.5667376340260443,-0.07739535856204437,0.6866531748991326,-0.024303113555400498,0.35508393920657916
7.497000,0.032737957233312666,0.002521059091082337,0.027572554019126456,0.10779611415361882,0.004008470315608081,0.22545976172249876,-0.03366719118419584,0.3393919544098695,-0.029015931084857956,0.4593017779419235,-0.08227112496259638,0.5668372805680073,-0.07679663511292129,0.6867123403631366,-0.02337828123617952,0.3551494752506692
7.547000,0.03247332690623078,0.0023925368208120488,0.02867815563940536,0.10769796892854747,0.0030381965846504218,0.22492677298143582,-0.03296192006339124,0.3393994404672919,-0.02951048847423199,0.4593497952812122,-0.0827238029781233,0.5669060278273081,-0.07640282142029556,0.6867394338214032,-0.024354813884563842,0.3549213894126261
7.597000,0.03208974010784091,0.002203373858543971,0.02974048707944843,0.10758036869393248,0.0021279995852184416,0.22436029220127587,-0.03213470383993127,0.3393649319076816,-0.029914879875150416,0.45934439840743474,-0.08294073076744546,0.566993175163829,-0.0758588004075853,0.6867840189807837,-0.025180815060376373,0.3546861429683037
7.647000,0.0318449010025623,0.0020843931929351877,0.030750630308740347,0.10745121196691278,0.001128057535096899,0.22373751030971065,-0.03132904359552639,0.33926472176310146,-0.030496131220043105,0.4592618311323473,-0.08323328007647388,0.5670523368853799,-0.07552365076496155,0.6868044208583906,-0.024416228357189478,0.3546441100980462
7.697000,0.031497687926070085,0.0019273568159837216,0.031704675365086296,0.10731968984911378,0.00017807649277647858,0.22310428970394966,-0.0304371374146297,0.3391332028135868,-0.031020161903179626,0.4591317864820857,-0.0833392071478023,0.567125848840583,-0.0750987178178622,0.686842574220135,-0.023702490821409475,0.3545824411785805
7.747000,0.031282455298390154,0.0018502062317207065,0.03259515240886794,0.1072042305526557,-0.0008600473496939987,0.2224463652478907,-0.029583051974534043,0.3389581200425096,-0.031734553931239654,0.45893883115613093,-0.08353603224686457,0.5671821073644744,-0.07491245056777585,0.6868718472715528,-0.024556331827944096,0.3543052107448051
7.797000,0.03143551106140234,0.002110906494193255,0.03385091746114193,0.10740703425653533,-0.0015224429646458065,0.22207492589228164,-0.028442741938137825,0.33901635355236187,-0.03228928290092835,0.45895468821906277,-0.0835528490896736,0.5674537517247534,-0.0747538083409483,0.6871307206114283,-0.023951294782314635,0.354513216656097
7.847000,0.0315675482387009,0.0022025209667389627,0.03469932831847081,0.10745053975011108,-0.0024735607023641318,0.22154776286172623,-0.027526205284222692,0.3389034827881502,-0.033079137867597294,0.45877493451742973,-0.08365201905766413,0.5675976512999773,-0.0747487175634535,0.6872669089326076,-0.02447123465551275,0.3543563027078135
7.897000,0.03179526842288071,0.0023059729940836534,0.03575220102510004,0.10753758652750516,-0.003215761345682279,0.22103427330145264,-0.02638708199138643,0.33877589678072084,-0.03377457002012527,0.4585482851706299,-0.08356807150076301,0.5677298184548061,-0.07471719300333265,0.687402964773488,-0.024995616587246063,0.3541472461896193
7.947000,0.031928608124343,0.002371939615969016,0.036667260297975894,0.10759160272692851,-0.0040600474251391155,0.22046890959427196,-0.025321579746154642,0.3385703373729504,-0.03464667343757406,0.45820746634069914,-0.08354743866735921,0.5677917497025801,-0.07489150095682365,0.687479153978668,-0.024489101697552945,0.3541078452687081
7.997000,0.03210251231481431,0.0024713717505995864,0.03747138016031563,0.10764302106833303,-0.004876236414396731,0.21992249101026123,-0.024248409720387075,0.3383484970283765,-0.03548985190669995,0.45782079497887074,-0.08339838518510234,0.5678424857453327,-0.07502656424651682,0.687550098762096,-0.024111293048954693,0.35403793461844035
8.047000,0.03220450065705005,0.002535064590675262,0.03817533002459412,0.10769232263738995,-0.005723147213352306,0.21937456695666052,-0.023163820914522106,0.33810039776381606,-0.036390059481442284,0.45736928144003275,-0.08316870946487434,0.5678761043322286,-0.07520206715182554,0.6876113648458122,-0.024568795610231335,0.35379498887750493
8.097000,0.03241181092558498,0.002696126463846411,0.0387852432391201,0.10774936382773395,-0.006508434182433166,0.218873091202369,-0.022035213066953947,0.33786434776129104,-0.03719581221001594,0.4569028131144002,-0.08273966505758407,0.5679242410812526,-0.07524520048714942,0.6876899832649106,-0.02487781464404628,0.35357832312282705
8.147000,0.03270958105396175,0.00307945855921758,0.03941944095723435,0.10812756844950837,-0.007374079749786197,0.21862809523432636,-0.02116031669093496,0.3378335467497734,-0.03850894035217896,0.4565728631410029,-0.08286942915153084,0.5680724014063202,-0.07617089070858968,0.6878852954649397,-0.024935227973359952,0.353743837501249
8.197000,0.0327583220031978,0.0033850313237192772,0.03967317199119228,0.10840634097658927,-0.00841113713703577,0.21835132365271817,-0.02043495257445193,0.33774742016481885,-0.03985116103892342,0.4561662144876125,-0.08288529097370623,0.5681843543612572,-0.07698717371210972,0.6880393175991883,-0.025208071081028953,0.3537667500219679
8.247000,0.03277371132467955,0.0035917948983080128,0.03982461163309805,0.10864789659547396,-0.009441694575887755,0.21806832920529134,-0.019676895943545943,0.33763103515059595,-0.041181142135892274,0.45568851011808326,-0.08274307860018054,0.5682611774815991,-0.07775060670076966,0.6881572792711587,-0.025700797723836037,0.3536585607412051
8.297000,0.032779629521803196,0.003889383714738609,0.039864240938983275,0.10889748036934163,-0.010445418019083302,0.21784213703281313,-0.018959701961101444,0.337539701623554,-0.042491984135897186,0.4552097135027315,-0.08252245814775391,0.5683360196847395,-0.0785067328598952,0.6882688089894659,-0.026068302222685948,0.3535744299296941
8.347000,0.03279670804880418,0.004077268762941052,0.03981480762416316,0.10914072484976857,-0.011432276345171147,0.21764757433236714,-0.01823093775041322,0.33745482871663535,-0.04380820188744844,0.45469732766332405,-0.08218158273177845,0.568396420195216,-0.07925920513895043,0.6883608303725873,-0.02643928212618983,0.3535776896270788
8.397000,0.0328524524212825,0.004310014277219832,0.039687473951826854,0.10936065963790646,-0.01237359996551645,0.21747931937142567,-0.01755281283413572,0.33736749958140894,-0.04511586007461624,0.4541591021340711,-0.08180242257778429,0.5684136255968252,-0.08004914437986016,0.6884008166447052,-0.026675784839693975,0.35349331406825657
8.447000,0.03290979825706948,0.004425903870884839,0.03947252955800492,0.10953734400357248,-0.013300195057398219,0.217310436826719,-0.016896595980975142,0.3372565326381159,-0.046458218364425055,0.4535583403715225,-0.08135537744533348,0.5683720516088208,-0.08089697161399945,0.68837117603935,-0.027198248799501577,0.35338828001347483
8.497000,0.03323532135881431,0.004612430655052422,0.039190871656705685,0.1096723174547012,-0.014175902533405949,0.21715248961228242,-0.016300933801279636,0.3371336724378535,-0.04779238086393536,0.45292783792944313,-0.08089050949831941,0.5682730323715734,-0.08179439208350363,0.6882696280966023,-0.02767355649238943,0.35326781748979574
8.547000,0.03346361149019084,0.004764901692121608,0.03910056926199207,0.10991434184827682,-0.014761336539828106,0.21714724305762287,-0.015524286158947624,0.33714481763891746,-0.04891319179957812,0.45240617707955316,-0.080193940714148,0.5682574383905259,-0.08255933543057795,0.6882341232322039,-0.027709518168370778,0.35322860822646207
8.597000,0.03395829698789501,0.004953238361915194,0.038785444972490396,0.11010986415238826,-0.0154220166210104,0.21716849811911937,-0.014842835752601757,0.3371671003972591,-0.050066462412402556,0.45188107567871816,-0.07941486823781191,0.5682368708739087,-0.08330126124150547,0.6881739208161004,-0.027589949646726335,0.35321791746298
8.647000,0.03415057646149613,0.005027845855792018,0.03847829948204315,0.11026630532111878,-0.01605028259497395,0.21716173895039123,-0.014308875186684937,0.33714910284658095,-0.05143744846159899,0.45126075451183395,-0.07888812463756098,0.5680788197991785,-0.08450334075472414,0.6879473700736525,-0.0283345546485572,0.3530357557609483
8.697000,0.03510003502613605,0.005225474835905274,0.03823914377880062,0.11043952138984825,-0.016513216170610114,0.2172205078645487,-0.013755419120289727,0.3371888143076384,-0.05270660711191348,0.4506912590048406,-0.07830461768491495,0.5679292300494865,-0.08569813130633999,0.6877012466250997,-0.028094372989682523,0.3530229298816236
8.747000,0.03523198704333261,0.005275811060626333,0.03773771117862844,0.11058610751110654,-0.017154197626690085,0.21729542457248047,-0.013529050700275505,0.33724065503103556,-0.05423093668444781,0.4501271310914156,-0.07803136304975994,0.5677432001671551,-0.08725617258295346,0.6873881034813956,-0.02906158675319985,0.3528350793752793
8.797000,0.03561757377379211,0.0052878339915678136,0.037049871587372364,0.11062246353153567,-0.017732431908018473,0.217388091070266,-0.01318192253560091,0.3373017802990246,-0.05548058534465401,0.4495997015823947,-0.07727145413194912,0.5676046084189106,-0.08830808571402006,0.6870960004240315,-0.030175125791443616,0.35255256763721154
8.847000,0.03648193939736497,0.005377793951866307,0.03647631688866917,0.11069393991773656,-0.018223662310079297,0.21750176862574075,-0.013020828991911544,0.3373889260921352,-0.057011739791503646,0.4490347937509265,-0.07693345593637871,0.5673695951626567,-0.09002384614441239,0.6866534653368233,-0.028646330874052883,0.35284594679698306
8.897000,0.03821288108435021,0.005613541952116643,0.036434544490269005,0.11087581049713689,-0.018325250907796645,0.21765298412363931,-0.012876103097412973,0.3375291985622847,-0.05869386459233915,0.4484378669853345,-0.07708009589368428,0.5670209454513614,-0.09248820328661023,0.6860276268878502,-0.029778850194561404,0.35254685498448535
8.947000,0.0393340254774318,0.005753254610461985,0.03626056943354803,0.11102557444290083,-0.018367389269105923,0.21787025670581053,-0.012709924396636589,0.33773682039734515,-0.06021451929959869,0.447933523900731,-0.07697732300972507,0.5667569576659615,-0.09469628083880387,0.6854415755969903,-0.03091404329013213,0.35227671543138
8.997000,0.04041331502190065,0.005679736353641055,0.03579659451424564,0.11097227585985416,-0.01846819902292387,0.21800186140668815,-0.01257903995569791,0.3378572651458639,-0.06150958380147304,0.447428255279761,-0.07657026825697993,0.5664794030429275,-0.09642765108676432,0.6848250170180326,-0.03202447294964085,0.35184887652214136
9.047000,0.041097369277595316,0.0055885746686661795,0.03517086967715921,0.11079967381544409,-0.018509204461530773,0.21812371418128784,-0.01240342847137306,0.33796827809454144,-0.06258583049970831,0.4469716107346627,-0.07583953679919159,0.5662374451941837,-0.09778595195988604,0.6842135226912403,-0.03145608927543024,0.3518609144110222
9.097000,0.04209225209974175,0.005416737741847835,0.034469732633819056,0.11056056572073067,-0.018559317473704214,0.21820776654215399,-0.012387364123266915,0.3380489405677782,-0.06372399240458229,0.44651345364325584,-0.07527903571397268,0.5659558287624651,-0.09930269359733065,0.6835265047914058,-0.03091398043350472,0.35186119964542156
9.147000,0.04269702665673372,0.00529980639050871,0.03366739106265078,0.1102994538355268,-0.01853698888551556,0.21834899207710512,-0.012375604707854586,0.33819070995953254,-0.06473377776587595,0.4461658076164322,-0.07455668577115968,0.5657630921939647,-0.10064664240404642,0.6828925682573943,-0.03204717412195328,0.3514252251471749
9.197000,0.043310227187268326,0.005031030496714643,0.03270155603298157,0.10999679629196818,-0.018536970867945944,0.21850768680976493,-0.012439696896369777,0.33835268356930864,-0.0656387491402809,0.44591597117367476,-0.07375763180350862,0.5656410050777689,-0.10179659485956914,0.6823192659087761,-0.03136532107022236,0.3515355250601304
9.247000,0.04367309578789182,0.004824084032228016,0.03157679764405157,0.10952370544623662,-0.01849120424456168,0.21857963227481983,-0.012506167027317702,0.3384302864784547,-0.06637545051133938,0.4456594815832039,-0.07274038827901588,0.5654905608609799,-0.10266863388870139,0.6816985645201694,-0.03249162074178486,0.3510342287440413
9.297000,0.04383273496774849,0.004347697158272194,0.030292785496647417,0.10899676454194097,-0.01850548583740392,0.2186267272101695,-0.01271726183918321,0.3384870478436764,-0.06711153829627262,0.44545088607143973,-0.071798426400352,0.5653593223034298,-0.10352174269330566,0.6810901790503503,-0.033725531428563285,0.3504628455068846
9.347000,0.044190810522597275,0.004125091122145707,0.028999935134145036,0.10843370377008901,-0.018388482594982186,0.21868041739502658,-0.012917796183993226,0.33855565082570255,-0.06772096905033168,0.4453105675448693,-0.07076642611856432,0.565271916283393,-0.1042761227508663,0.680498216369833,-0.03295333300797101,0.3505632499439637
9.397000,0.04475293283344058,0.0038113042704643,0.027801302051188085,0.10791301315041002,-0.018242062538422546,0.2187282132687104,-0.013331895489569964,0.3386277139328341,-0.06854871141143905,0.44516927032950976,-0.07020417576080697,0.5651578507768037,-0.10555266638563014,0.6798334114274762,-0.034353913547545696,0.3500358820205304
9.447000,0.04507055166484587,0.0036153433123676366,0.02652959818800025,0.10737620378358453,-0.01799340299080103,0.2188109486616023,-0.013721603112597909,0.3387348900819169,-0.0691893884227723,0.4451460022496472,-0.0694637483035817,0.5651456886102475,-0.1065825206613593,0.6792605287435566,-0.033575300081702966,0.3501830370816146
9.497000,0.04546017135060551,0.003325599154114786,0.025193634048063403,0.10681914667338789,-0.01778421081344401,0.21885889342006093,-0.014272816271705971,0.3388075078696056,-0.06990014103198255,0.4451353063985374,-0.06894031600742206,0.5651314677367925,-0.10776284870216307,0.6786779822370839,-0.0328822154575092,0.3503122572092391
9.547000,0.04586669084144856,0.0031604616352191033,0.023873882639106232,0.1062438547914001,-0.017414190980686292,0.2189172543884848,-0.014766284462904053,0.33888803662762285,-0.07040793979253267,0.44520833662800985,-0.06826402096685975,0.5651891834831085,-0.10873120664211464,0.6781600066345858,-0.03416398731305811,0.349871233311302
9.597000,0.04678871761624594,0.003119932106207617,0.022990794048817816,0.10581490162539588,-0.016859335417535683,0.21900486222795448,-0.015350659521350736,0.33899537804703156,-0.07111474404314364,0.44525151609527913,-0.06817600410047975,0.5652155265159665,-0.11035427513802706,0.677558721466424,-0.03343679577356518,0.35006455902196515
9.647000,0.047123566043385565,0.0029697878496521067,0.021702676922750647,0.10524585243410697,-0.016359288843176764,0.21904957275964104,-0.016020745871417066,0.3390490950948451,-0.07162676322775693,0.4453880381561231,-0.06778506604266385,0.5653265279256665,-0.11155134672310678,0.677060643884703,-0.034843184449859635,0.3496471129026993
9.697000,0.04747994613273729,0.0027869200744704407,0.02037056318233792,0.1046590964706051,-0.01595133480135124,0.21903007056134033,-0.016784411112904844,0.33902717845885905,-0.07213647453961919,0.4454985312368989,-0.06753239706768555,0.5654101751847361,-0.11271081480121162,0.6765808121589012,-0.036087733320447304,0.3492630662968153
9.747000,0.04784430321658082,0.00264609608774442,0.019110151679525074,0.10407076882094365,-0.015295109070817256,0.21903284096730347,-0.01741035554749125,0.33901419673518224,-0.07233280992982152,0.44570779542770966,-0.06701639043712271,0.565589969593937,-0.11353488614112493,0.6762065576622066,-0.03320351898376204,0.350036850502569
9.797000,0.048567217649444876,0.0026575325403417867,0.0181163819004552,0.10357909574243453,-0.014481353722358481,0.21906670387068516,-0.018025074907434324,0.33901436761138326,-0.07251979805120007,0.4459270662896581,-0.0667193400781436,0.565786795473189,-0.1145543258475355,0.675840482961202,-0.03440886003585275,0.34966101026681834
9.847000,0.0494797917678385,0.002717908984477292,0.017172086197884386,0.10304840684362722,-0.013457131423118496,0.2190736240437341,-0.018616707431926074,0.3389626508171589,-0.0725253271930388,0.44617207507385964,-0.06634930339405228,0.5660130390618362,-0.11547526963510461,0.6754965510450541,-0.03537370187836996,0.3493372725440774
9.897000,0.04934450958610845,0.002480271234706933,0.015834650245511145,0.10242685117405272,-0.012798183354801713,0.21896079833116544,-0.01953478592874685,0.3387715582225855,-0.07271529679169123,0.4463440141039742,-0.06623099470579621,0.5661686936422706,-0.11645783420655298,0.6751515574042534,-0.03680920166687797,0.3488793437878477
9.947000,0.04940467983515842,0.0023744082889853423,0.014460492130864006,0.10177694951344701,-0.012094890627644968,0.21880178297431732,-0.020476428668144316,0.3385087160236068,-0.07277680523901803,0.4465118206570059,-0.06608202955473055,0.5663249250257988,-0.11729239699144636,0.6748491078926175,-0.03402466369903277,0.34957579663063293
9.997000,0.050310363500635,0.002533313744465588,0.013480484808354315,0.1012461189277117,-0.011253464762659066,0.21866942044240134,-0.02152425342699861,0.33822907459123086,-0.07306608479379431,0.4465962265301639,-0.06650975862576783,0.5664169867811604,-0.11878258643055327,0.6744334275357514,-0.0354261799943226,0.34913987486993386
10.047000,0.051244193359231666,0.0028152663849179446,0.012805078283401314,0.10093058638097392,-0.010100250611957969,0.21872424456364647,-0.022387454842682987,0.33809352290603356,-0.07307714322616501,0.44686187993862553,-0.0668268279381819,0.566698992547551,-0.12009796200457276,0.6742265995853263,-0.036458346855804444,0.34895796313156796
10.097000,0.05234392244242154,0.0030402838563971936,0.012367583055310785,0.10052529087349307,-0.008858866134173138,0.21863302920932773,-0.023270476341480953,0.33776449227107214,-0.07312938346162445,0.44691617288471763,-0.06740511006097352,0.5667795646856765,-0.1216439033329729,0.6738223285905517,-0.03575604466750984,0.3490441876720382
10.147000,0.05308418188666991,0.003260426759010209,0.011788186996036454,0.10019148451111638,-0.00776408089632185,0.21858788994637712,-0.024181493388774178,0.33745953739279966,-0.07308955263862232,0.4470405655860261,-0.06791021114316213,0.56692874022966,-0.12291430089993977,0.6735802761259164,-0.036818553824657804,0.34877741393742623
10.197000,0.053226231808713116,0.0035537327338466254,0.010866072117569382,0.09986539333750734,-0.0068570097144853015,0.21854939549811786,-0.02537491310312219,0.337111983412674,-0.0731056196231371,0.447210937175575,-0.0685699323052616,0.5671251877902442,-0.12420403444783808,0.673449440038871,-0.036344764246497435,0.348947750591949
10.247000,0.053975145681319905,0.004011012779618629,0.010186592129004107,0.09981494589082802,-0.005913085069980881,0.21873004330579912,-0.02651843680049093,0.33694772167731374,-0.07313588044948284,0.4475226462635693,-0.06939514332077928,0.5674643274348544,-0.12560182690390015,0.6734870076467477,-0.035989057654869726,0.3492556059245796
10.297000,0.05501622195958689,0.004442515861178708,0.009776479604626562,0.09956504487071133,-0.0047049578434283715,0.21868804000363282,-0.027634378941840426,0.3364770108289682,-0.07303718310764247,0.4475561959802907,-0.0703573652043709,0.5675262696487068,-0.12711426223445016,0.6732554266467504,-0.03698056667201405,0.34902654773360514
10.347000,0.05572422044758093,0.004774448407177896,0.00947030108770304,0.09941743040077887,-0.003439543277790988,0.21872097568950327,-0.02872137635101507,0.3360275352522899,-0.07282893757727524,0.44762736967273925,-0.07134689414244538,0.5676182174372969,-0.1285460310227857,0.6731087797646634,-0.037852331325294204,0.348864784403622
10.397000,0.0564694459834585,0.005220994479797032,0.009044757378846531,0.09927561408940357,-0.0023497633209495425,0.21873340955718337,-0.029873070048352962,0.33553438381163586,-0.07261568423908314,0.4476640807350754,-0.07236444736611954,0.5676638177349277,-0.12984899042593223,0.6729991266735952,-0.03749037976992779,0.3489582283493989
10.447000,0.057003360520236857,0.005526548792274797,0.008735131415373118,0.09915198800252072,-0.0012221680245544722,0.21873815855691056,-0.03104691464787461,0.334972768242902,-0.07236759533033747,0.4476342139461146,-0.07351981698203962,0.5676286820905475,-0.13120734775895854,0.6728529606238879,-0.03834341551430502,0.34876249670492915
10.497000,0.057641597232512345,0.005960141518274137,0.008427278405760574,0.09906103383000257,-0.00019464383294312548,0.2187508932873089,-0.03224873205111425,0.3343905725868544,-0.07212533081005362,0.44757121082245777,-0.07475050831141056,0.5675424925655749,-0.13253057881774877,0.6727159847215481,-0.03909446496322577,0.3485994012503972
10.547000,0.05795176489334556,0.006228189163885101,0.008099018727174459,0.09900198275912765,0.000813802887671071,0.2187806354071342,-0.03343003611217837,0.3337908936041854,-0.07172555251073928,0.447516235651451,-0.07590260628341519,0.5674435145407016,-0.13361053972119483,0.6726566050681678,-0.038838056535897635,0.3486296327555253
10.597000,0.05825293299430944,0.006529397811634893,0.007745775637607581,0.09897044109922289,0.0017020850396623835,0.21881815198247778,-0.0346373064997817,0.33318356905662216,-0.07132910952666002,0.44743640968055043,-0.07710229982097555,0.5672974553702389,-0.1346235471307089,0.6726127254308167,-0.03871890870067011,0.34862213184533936
10.647000,0.05841511689402963,0.0067858338452268805,0.007457558708163128,0.09895204699181208,0.002667057498268753,0.21885638843962912,-0.035690742207912796,0.3325607384076677,-0.07062788828785027,0.44736228815228063,-0.07804480876687317,0.5671328575360526,-0.1351908893310695,0.672652170819684,-0.03918398183888003,0.3484917265953113
10.697000,0.058357621105518814,0.006956596877298639,0.007105776316052748,0.09894217134676779,0.003439341150741508,0.21888614682346466,-0.036858553440266506,0.3319174685512234,-0.0700586017486873,0.44723336854908546,-0.0791762400261036,0.5668864866539963,-0.1358639211026835,0.6726527705733922,-0.03914286676919966,0.3484186897018076
10.747000,0.058195605580272154,0.006954912127003362,0.006728504706611772,0.09884824459029715,0.004228506999436908,0.218822200145055,-0.037875374410190524,0.33119329594037455,-0.06915604440871378,0.44704457855927054,-0.07996739644838519,0.5665565640129065,-0.13596636358662292,0.672689102281988,-0.039399225759118146,0.34818977707776094
10.797000,0.057877460812971175,0.006934395132417905,0.006379154428847074,0.09877683121913314,0.004929140093167826,0.21876807030942283,-0.03887683536782559,0.3304866297071769,-0.06825331980232605,0.4468353390350827,-0.08078158890486872,0.5661795574677035,-0.13600009814896985,0.6727202362568643,-0.03935746135174585,0.348019871814478
10.847000,0.057623909484247296,0.006911136362266306,0.00606851360450196,0.09874696272555734,0.005570501857547171,0.21874592932235176,-0.03990792150323871,0.32979417563275826,-0.06733484500785916,0.44661781993078437,-0.08168746881632738,0.5657564038984151,-0.1360062871693572,0.6727585813189213,-0.03953395746729496,0.34782129199823325
10.897000,0.0571881658485992,0.006866980919874605,0.0057971234510564296,0.09875386832198244,0.006112671519705855,0.21875345344383165,-0.040943312842702834,0.3291424670986543,-0.0664701887130628,0.4463959472529731,-0.08267182316238074,0.565297196368239,-0.1360245122871041,0.6727843610120252,-0.03961537746589872,0.34767152145021535
10.947000,0.05686237797516512,0.006834248846760706,0.005570344042651887,0.09881115591013147,0.006577439220156217,0.21880692983281316,-0.04202249645406161,0.3285249604953341,-0.06563270210164604,0.44617936198239605,-0.08378830609916316,0.5647979694750037,-0.13606765761176012,0.6728112529424654,-0.03982229184037872,0.3474802806076785
10.997000,0.0564766132083776,0.006850058596522294,0.005458710593587525,0.0989348051701763,0.007009331246181673,0.21892478631690257,-0.04304060273519178,0.32798900642808365,-0.064807973088788,0.4459982500825083,-0.08493272277710258,0.5642986915439951,-0.13609000208215571,0.6728479097544676,-0.03978409369530635,0.34744422769501826
11.047000,0.056226414728543665,0.0068921072285446925,0.005475799080046639,0.09915852922240556,0.007414984342634996,0.219142859701503,-0.04405785159182643,0.3275428004803797,-0.06400607438356236,0.44587313643634346,-0.08621095258884606,0.5638008404922121,-0.13616290921371554,0.6729099694840023,-0.04011677121938754,0.3473117667438857
11.097000,0.05568933816653229,0.006912420269897501,0.005488110458008684,0.09941823980437263,0.007700855602979527,0.2193978370654201,-0.04506708484510539,0.3271732723967941,-0.06325364685066678,0.4457871373638284,-0.0875042693303186,0.5633112085550078,-0.13618456279685068,0.6729936092764189,-0.04056538090009614,0.3471766413264018
11.147000,0.05523636974054832,0.006883857647234962,0.005477754520332431,0.09968142207660442,0.00785329176450307,0.21965790653418854,-0.04612304983172123,0.3268332514036467,-0.0625377785439496,0.4457052694789862,-0.08887605033844874,0.5627791582795174,-0.1361585601520856,0.6730713350905818,-0.040565667410073995,0.34722884218288885
11.197000,0.0544307044951229,0.006776443588443143,0.005472656406765898,0.09994597171962923,0.007926919647214016,0.21992087156099197,-0.04710334668850307,0.3265589031773854,-0.06178953277741462,0.44565682901222736,-0.09013693684318572,0.562260536855211,-0.13594128101432765,0.6731747471938827,-0.040394681967999,0.34732109065156475
11.247000,0.053809666752398,0.006685117506632713,0.005469489832829952,0.10021898858027707,0.007873697367414695,0.22019490193845975,-0.04812411755424545,0.32632804814641436,-0.06110073640641815,0.44562434885672686,-0.09149288289162387,0.5617118909619062,-0.13570987841526927,0.6732684116447502,-0.04106213292345147,0.34717324848285763
11.297000,0.0530078729552984,0.006551016748489703,0.005619814939151646,0.10049219195654555,0.0078411190640848,0.22047163106168707,-0.049017259910635616,0.32614624835631867,-0.060393099972158096,0.4456058242089669,-0.0927876782101925,0.5611505830722742,-0.13539965865739723,0.673329989035967,-0.04173504616423589,0.3469861558342523
11.347000,0.052616356205947824,0.006479743439296568,0.005837007639604971,0.10084800049141547,0.007731680019805454,0.2208330421279919,-0.04989591045159977,0.32609015978008143,-0.059768769431201935,0.4456833312219653,-0.09415349031162656,0.5606515484384466,-0.13512859933452542,0.6734391383609348,-0.041433776581808794,0.34719376505976723
11.397000,0.05148849428276622,0.006147741028757054,0.0059926295048218295,0.10111910255579049,0.007510994987017204,0.22110949619624132,-0.05072552860220263,0.3260309302247288,-0.05913869770544891,0.4457356443574106,-0.09539376467773286,0.5601278211811357,-0.13466396176421574,0.6735202883926061,-0.04229694101890655,0.3470048305693386
11.447000,0.050777409895671206,0.005873841510861831,0.006223896147350881,0.10131639810208425,0.007173483901107364,0.22131264088882374,-0.05160935036084745,0.3259289799351284,-0.058580284578473404,0.44572633414661433,-0.0968172098396564,0.5594713891882251,-0.13423161365335085,0.6734896438105754,-0.04200667322547293,0.34705160681123204
11.497000,0.049892110954214954,0.005408678419843208,0.006572345987118033,0.10147727296172629,0.006872650673473896,0.22147689719883876,-0.052320923460936856,0.3258613825450147,-0.05795762744633053,0.4457289243074024,-0.0980591410568018,0.5588300675646424,-0.1336153845586899,0.6734413826604982,-0.04143436908941623,0.34707939747044103
11.547000,0.049635544656915415,0.00514327516711744,0.007287966037644027,0.10164448453868233,0.006704504049257369,0.22164306608065049,-0.05287554598261683,0.3258074440517795,-0.05735562965127526,0.4457237850996367,-0.09938973698749184,0.5581209995687808,-0.13311883660794385,0.6732832669951604,-0.042208644804914236,0.3468052016560832
11.597000,0.0492592428626765,0.004733512460740429,0.008231239624992358,0.1018336859009003,0.006663767882655283,0.2218234480988938,-0.05319624730384152,0.3258271912134905,-0.05665312301798674,0.445777389255395,-0.10052648561143877,0.5574695020240903,-0.13245821386838857,0.6731430285136136,-0.04295321669424591,0.34654109470972067
11.647000,0.04904073952321472,0.004471733692950079,0.009201714280891851,0.10203724606280036,0.006482054427291113,0.22200642314707855,-0.053571809246162394,0.3258983547774089,-0.056126776164097905,0.44587115229437274,-0.10183391101769167,0.5568254574090095,-0.13194599588328754,0.6729859599262017,-0.04215185948053268,0.3466316998702653
11.697000,0.048647480943201406,0.004131899029507477,0.010197587406660713,0.10227837290812467,0.006280494032887614,0.22221442400883484,-0.0538279603573152,0.3260747806213703,-0.05557175354534033,0.4460621097658975,-0.1029728970415407,0.5563033524309481,-0.13126504367958994,0.6729204799825035,-0.04299735265462057,0.3464425089610834
11.747000,0.048157274478153766,0.0037999646274885553,0.011087312574289479,0.10245275918832665,0.005804608930059671,0.22233642380231206,-0.05427172479666517,0.3262153635508341,-0.055340615016474554,0.44621060292461007,-0.10442060761871857,0.5557147321845355,-0.1308887148874199,0.6727593360653314,-0.042332745960351956,0.34654504424045085
11.797000,0.04744959807080518,0.003230437185980321,0.012172711178938443,0.10256599972409042,0.0054680263902314105,0.22237854997686787,-0.05446382254796241,0.3263409156811328,-0.05497390296892346,0.4463398315654799,-0.1056099460277712,0.5551331730119666,-0.13029180319003042,0.6725674351549746,-0.04150398876732783,0.3465937167671577
11.847000,0.047113993705071154,0.0028968568174886607,0.012952209868502165,0.10259725790571166,0.004900363633580936,0.2223268188846494,-0.05467179228504891,0.32649571174238484,-0.05460946284414478,0.44649569555505364,-0.10656999851136503,0.5546627087022028,-0.12938321815999423,0.6724742404351506,-0.04248563701304237,0.34631142375437624
11.897000,0.046803943596206946,0.00246380728579138,0.014171374205580858,0.10272109741736715,0.004430181744330373,0.2223250654511781,-0.05482474763921946,0.3266747340838601,-0.05449914671163528,0.44667429234986356,-0.10791467766575882,0.554130241710004,-0.1290139548600855,0.6722607648692492,-0.04348078398759335,0.3460374337320972
11.947000,0.04650256983960301,0.002206018871948737,0.015391067235878547,0.10289096511387834,0.003870856411206311,0.22233670485605206,-0.05493405547926985,0.3269406356500395,-0.054451245139682865,0.4469396643718419,-0.10922601769970969,0.5537091557586482,-0.12860361918370578,0.672134273705507,-0.042621041829058785,0.34622519760347664
11.997000,0.04601524118967236,0.0018268118531212898,0.01658023983173665,0.10305223638912506,0.0033094074148242864,0.22231616642231744,-0.05490763452943548,0.3272484113580868,-0.05433448450894206,0.44724704259633863,-0.11029212007503018,0.553401378456222,-0.12797481519025633,0.6720914045471362,-0.04166470091259965,0.3464492158821265
12.047000,0.045757866194188236,0.0015355531776432897,0.017777634297079993,0.10316906169180388,0.0026001576490356088,0.22220537632980852,-0.05495461596024849,0.3275023280178035,-0.0544742981744776,0.44750136674238894,-0.11157755285093957,0.553043862000721,-0.12763767361052555,0.6719643081871842,-0.042860649880206624,0.3461507646658184
12.097000,0.04563929720558737,0.0010804787381219437,0.019135019797032485,0.10318936090992942,0.001963584423278944,0.2219544307106263,-0.054911567469246796,0.3276200215290706,-0.05471567925500768,0.4476198615861183,-0.1129048338607066,0.5525675736652919,-0.12750569626688948,0.6716759898810133,-0.042061277846258245,0.3461469483649892
12.147000,0.045573381319005145,0.0010883967023594238,0.02048154672094083,0.10339990578197071,0.0012493958865992943,0.22184873175441358,-0.05489696437414442,0.32790336969830913,-0.055145273255701614,0.44790311279196904,-0.1143417616206695,0.5522859455049024,-0.12760531945210604,0.6715506847767762,-0.04328213118866694,0.3460609863747284
12.197000,0.0454118937366063,0.0010164010968030587,0.02182891704648742,0.10369041571261428,0.0005843607043981777,0.22179489837871702,-0.05467396386909924,0.3283149320122395,-0.05540352864223125,0.4483127142218518,-0.1154292002449013,0.5522209369407077,-0.12735051433399808,0.6716273114371532,-0.04236978373369944,0.34644946479607613
12.247000,0.045334523347274294,0.0007709609612432176,0.02323093357631027,0.10382172037985146,-0.00025474948080379117,0.22150104180466637,-0.05453589605756576,0.32852233465903297,-0.05598671747058259,0.44851356397795533,-0.11683235661426591,0.5519437732670445,-0.1274942488838945,0.6714691850058375,-0.04562989651321617,0.34566298176661564
12.297000,0.04519086517090595,0.0005689515380661145,0.024620664017164222,0.10391679514866456,-0.0010065489293739072,0.22114838626894576,-0.05419918770205119,0.32871484563430503,-0.056405604411610286,0.44869455944169734,-0.11789086621487255,0.5517458213504403,-0.12734857029704216,0.6713725400778805,-0.042838074425171735,0.346269979239321
12.347000,0.045130770159497124,0.00047882674727940623,0.025969496556427853,0.10408373822461307,-0.0018732394093393667,0.22080897994182083,-0.053889253403109086,0.32894932527232157,-0.05701132469688175,0.44890870452561954,-0.11904861222883206,0.5516285904079458,-0.12739939836213868,0.6713376726488339,-0.0440362811498379,0.34601735582771104
12.397000,0.04477195162363949,0.00028209250867414925,0.02725870136402675,0.10421007339305662,-0.002690608405342368,0.220412650147354,-0.05341974234305594,0.32916261552633475,-0.05748113599320677,0.4490938670065828,-0.1198947241483855,0.551585544783833,-0.12718955886169267,0.6713636120019407,-0.04319197062533238,0.3462269495336311
12.447000,0.04448125634792213,9.340306731954867e-05,0.028404451160756006,0.10424317571460329,-0.0036054628824776364,0.2198950905405924,-0.05285865359954238,0.3293214274215051,-0.05790681258067232,0.44921519743193333,-0.12050949053825843,0.5515914872099862,-0.12674319382848148,0.671429465080006,-0.0442338930055932,0.3459202995351376
12.497000,0.043815741969635946,-0.00013429331285405165,0.029456612085021438,0.10426187800051995,-0.004507522487968069,0.21935504705334335,-0.05219517401898152,0.32947265639467727,-0.05825718781691959,0.4493194418269944,-0.12089119672006947,0.55167656620806,-0.12613077246857246,0.6715621234494281,-0.04347216640351656,0.3460977872914731
12.547000,0.043646812392328774,-0.00019424261133352817,0.030420868755141404,0.10433640210250823,-0.005579534364225633,0.21880897949658581,-0.05165333709292347,0.32961152776203434,-0.05892161826548263,0.4493912092142598,-0.12152227177405832,0.5517687369256637,-0.12592237849672028,0.6716880392119476,-0.04445795383107211,0.3458456496587218
12.597000,0.04341586200790762,-0.000352861745957,0.03162767909390189,0.10438018637060137,-0.006344364250897981,0.21821394201549182,-0.05078100316853857,0.3296831535570796,-0.059327931180720696,0.4493783916476341,-0.12179238754198385,0.5518390752852705,-0.1254800939398725,0.6717823986572821,-0.04358902497577269,0.34594885118243496
12.647000,0.04318399248039612,-0.00048071337927540456,0.03264346378031617,0.10436056975168308,-0.0072891876151532226,0.21752144352229297,-0.04997706614061978,0.32967198978487255,-0.0599098783369285,0.4492601967363644,-0.12210206070828256,0.551886374936121,-0.12516402008681768,0.6718473035952647,-0.04447103354851039,0.3456121639563188
12.697000,0.04285314533815215,-0.000651701281597903,0.03360723771885335,0.10432926435348766,-0.008175812805301282,0.21682004926005646,-0.04907318099754653,0.32963585167686305,-0.06041530074658729,0.449098633829291,-0.12220841412590983,0.5519655922702313,-0.12473737046414171,0.6719389408933287,-0.04520978254827484,0.34528953889477665
12.747000,0.04264639880851,-0.0007501890310298054,0.0345066421611974,0.10429904301300084,-0.009147419268417167,0.21607705033420616,-0.048202265564337626,0.3295438691880104,-0.061103667374274404,0.44884832774400296,-0.12240254911032013,0.5520105645262199,-0.12454622632547523,0.671991415698385,-0.04457094019774546,0.34527819610040844
12.797000,0.04308212869480204,-0.0005670965785210398,0.03557655675519762,0.10442277720449776,-0.009952067090586277,0.21545045124300619,-0.04726601498107045,0.32950162086643187,-0.06186857242423318,0.44860982917367365,-0.12266918905944241,0.5520665107546008,-0.12465381897201647,0.6720500978341366,-0.04388701466637281,0.34539769358275063
12.847000,0.04304400568144172,-0.0004739212271897943,0.03676060049904587,0.1046778203348578,-0.010639089006047396,0.21491968821304736,-0.0461696772312116,0.32953895928058846,-0.06260583112804151,0.44840801683903864,-0.12280671898189746,0.552214823444485,-0.12478172897136602,0.6721985695683528,-0.04460967973436075,0.34516645045067784
12.897000,0.04283539737353277,-0.0004305310338903908,0.03746862672175283,0.10474859915451826,-0.011577051817062207,0.2142681014796801,-0.04521659878847411,0.32945655956670267,-0.06337648358418504,0.4480745117562138,-0.12277682643646956,0.5523414730211065,-0.12472813419837309,0.6723256068587615,-0.044251050470062614,0.3451820674610433
12.947000,0.04278610940327666,-0.00038263837000380156,0.03811888298844092,0.10483771051143977,-0.01256606303354571,0.21360827751664715,-0.044298439679433754,0.3293366503223689,-0.06431379753484022,0.4476556490071178,-0.1228217025474705,0.5524259933366689,-0.12491676939413794,0.6724077031708432,-0.045844666920685014,0.34460698651598615
12.997000,0.04287363109946121,-0.00017496112717383893,0.03882374041621646,0.10495913270378698,-0.013374416275944975,0.21301167746935804,-0.043217329801250266,0.3292416241774923,-0.06507526201728617,0.44723412732594664,-0.12259744333191583,0.5525488871946863,-0.12493179221529957,0.6725261800986262,-0.04531875053213016,0.3446447444854561
13.047000,0.042946342682814956,-8.792273193002579e-05,0.039502522237933324,0.1051748365168227,-0.014138291955624847,0.21251850448255283,-0.04216929773476644,0.32919867724118707,-0.06590891396202612,0.44682703530720513,-0.12240824743183432,0.552694052442153,-0.1251295129146597,0.6726631931137923,-0.04497237126439868,0.3447021003700957
13.097000,0.04323910475588893,0.000203625465116392,0.040234286124651755,0.10545162795264902,-0.014854821470120773,0.21205927411244574,-0.04107376115941965,0.32915994533301324,-0.06684830372061401,0.4463592326789195,-0.12223324623536608,0.552813486411709,-0.12553868689413394,0.67276795297891,-0.04529338548655288,0.34455501017728185
13.147000,0.04345342631386081,0.0004434503618099983,0.040681501763815096,0.10567760632098433,-0.015756653819330314,0.21157725027681348,-0.04013426642366086,0.32907504601656407,-0.06796900483548422,0.44580219511878255,-0.12210582636814854,0.552896567289313,-0.12610142026599439,0.6728300289557734,-0.04563274786302191,0.3443680486542602
13.197000,0.044108821554305545,0.001147669478754739,0.04156030121377953,0.10629739296106318,-0.01621339519076888,0.2114743866591771,-0.03894683510884159,0.3293013390465262,-0.0689254994268008,0.4454963461903337,-0.12187554294645166,0.5531824311356557,-0.1267816117343865,0.6730820995604186,-0.04535478793749061,0.34467498264436464
13.247000,0.04433466504446289,0.001383249570551862,0.041825364254111465,0.10665117442405292,-0.017108766965710835,0.2111823571553238,-0.03810013356568538,0.32933210334189567,-0.07016149073022548,0.4449697675200469,-0.12171865493161879,0.5533296254604423,-0.12756306220877978,0.6731872196524893,-0.0455004771791237,0.344744133127402
13.297000,0.04464683766090079,0.0017464591608858204,0.04191942930718446,0.10688024814880516,-0.018020647957860028,0.21083786955624903,-0.037406632801021224,0.3292616153858368,-0.0714248712824666,0.4443388044811132,-0.12160135975442535,0.5533448592103759,-0.1284219239894246,0.6731508684199797,-0.04589083343873709,0.34459008894219634
13.347000,0.045204263399757715,0.002089620147968913,0.04227609784410151,0.10727397462237871,-0.018687712493722627,0.21063457506419292,-0.036560376223240695,0.3292961437077394,-0.0726990241348088,0.44372515281041386,-0.12145466801160688,0.5533740796374711,-0.1295058025199478,0.6731036882501327,-0.046134193106200934,0.3446139599134108
13.397000,0.045263602740859304,0.0023361583744491558,0.04237539514175848,0.1075921964567009,-0.01946132599165855,0.21043294668403947,-0.03585124744888449,0.32930838766920717,-0.07402371883664237,0.4430750894232669,-0.12127029169240412,0.5533826655500905,-0.13059120918168926,0.6730201199171604,-0.046375846206975935,0.3445200843660199
13.447000,0.04567077492913405,0.002680195355965687,0.04224324351271604,0.10786957012978259,-0.020344901254713,0.2102547447756647,-0.03524592487825072,0.329325981702629,-0.07544142230826101,0.4423937577213697,-0.12103969990293145,0.5533928435256846,-0.13172952934651028,0.6729157597217689,-0.04654127193799498,0.3444532578911395
13.497000,0.045984556500097015,0.0028639542914453827,0.04221525815253516,0.10811028150048359,-0.020991411303817493,0.21011477613112242,-0.03449908750991009,0.32935211373486317,-0.07660871923540175,0.4417210547954308,-0.12054374377045174,0.5533889267094642,-0.13262811650228887,0.6727789092470722,-0.04742826237781665,0.34426019254739565
13.547000,0.04633983662457175,0.003058175841596322,0.042047750988712884,0.10826291759638955,-0.02163452880871318,0.2099711630761293,-0.033692021786351334,0.3293638631679517,-0.07772583958447067,0.4409928149995491,-0.11977819393706861,0.5533832037865655,-0.1333807479177394,0.6726097549430397,-0.04733108300836025,0.34423133298721703
13.597000,0.046802442429995865,0.003263861575997745,0.04190968519038951,0.10846585656773196,-0.02222598894143865,0.20988880911623517,-0.033077921710988056,0.3293971165896706,-0.07903215041707971,0.44024931036150455,-0.11933048402548009,0.5532804755699818,-0.1345933579980771,0.6723058706674007,-0.04728317084313892,0.3441644930118902
13.647000,0.047029107465240035,0.00337685694310491,0.04129102781204856,0.10853227194400343,-0.023153860171709444,0.20975902933319163,-0.03288311794705021,0.3293639687838303,-0.08062129629344833,0.4394596831785943,-0.11914655694381093,0.5531074033131975,-0.13606031988967607,0.6719094429492282,-0.04827481149436982,0.3438647462842243
13.697000,0.04798484978304959,0.0036494784279940966,0.041259135858256836,0.10874926275782429,-0.023527165880299718,0.20975785186926324,-0.03240004448068803,0.3294293689680295,-0.08201654461565835,0.4386914525406903,-0.11890130195478724,0.5528821468895219,-0.1377042251671024,0.671399867381776,-0.04815214808429339,0.34382121924705517
13.747000,0.048219788464735854,0.0038251958056205937,0.04058690376959157,0.10887400006400284,-0.02426160806895758,0.20984266110425392,-0.03214186716735551,0.3295836378667927,-0.08347203249695896,0.4380512096439629,-0.11841289532997283,0.5528516282164064,-0.139069382584871,0.6710603822663116,-0.049230754701007386,0.34358741760961226
13.797000,0.04864911574149524,0.003897766076209859,0.039789882569152106,0.10885579269021894,-0.025049004179434946,0.20983063492928133,-0.03211090962770415,0.32962266092199805,-0.08506808392345128,0.43730523932077914,-0.11815414930504692,0.5526538946123113,-0.14069769792356318,0.6705173258184516,-0.05047773164884777,0.343158176162265
13.847000,0.04965688381559715,0.004153366720371268,0.039395359644102054,0.10896975770310596,-0.025408263803995253,0.20996723476685367,-0.03186543359400664,0.3297933794826541,-0.08648522692132063,0.4366422361246252,-0.11779212498793554,0.5524864337724593,-0.1424024998269021,0.6699356970603637,-0.05025503591279345,0.3431983541465043
13.897000,0.05162140040698199,0.0044329379150221705,0.039480502751365415,0.10906605977915713,-0.025452683792444787,0.20998028712174463,-0.031748281902014015,0.32981502934767126,-0.0881891680029386,0.4357132180584643,-0.1180762821503637,0.5519318069620875,-0.14504711062029077,0.6688615910663109,-0.05003882706376802,0.3431081058901559
13.947000,0.052861318171018315,0.00456523290992435,0.03940969815785995,0.10905530909981431,-0.025469032700263516,0.2100045551616322,-0.03163843305230091,0.32984586064214705,-0.08976014602636931,0.43483093805563844,-0.11813629293261887,0.5514276545033824,-0.14745392349693706,0.6677912078081506,-0.05119090424078218,0.3424804622849364
13.997000,0.05395941078442615,0.0044956405368442405,0.038989949927883245,0.10885722162299806,-0.025562531226670904,0.21001540061115395,-0.03151964162680673,0.3298674462160332,-0.09101549805989469,0.43407993619103497,-0.11773991661357132,0.5510662834836244,-0.1491702433343179,0.6668770539761937,-0.05071564034038699,0.34246135906895514
14.047000,0.05482963493722518,0.00452404585426784,0.03845188771445866,0.10860638252709758,-0.025590138698563275,0.21008849352559553,-0.03138025638138019,0.32994872269781883,-0.0921086879395514,0.4334477932265093,-0.11710517835867681,0.5508154866804449,-0.15062523240953107,0.666038774154695,-0.05173776369467085,0.34188439099276485
14.097000,0.055965669249656416,0.004429604130460142,0.0378777863908387,0.10832359247107035,-0.025618262528403345,0.21014820526962444,-0.031424154790841576,0.33000767137487963,-0.09331806007587484,0.4328140159675226,-0.11672247915416104,0.5505095263644799,-0.1523475553387743,0.6650994646087277,-0.05123551655260219,0.34190413608775794
14.147000,0.05662065791742998,0.004294333186251952,0.03713864989499146,0.10788649850398292,-0.02559656443835419,0.2101816248909449,-0.031435868240121775,0.33003946790136546,-0.09431688964954762,0.4322450310889072,-0.11603590093145791,0.5502631845608799,-0.1536945705361083,0.6642009948066441,-0.05233338473844081,0.3412194530990968
14.197000,0.05745069466233426,0.004158305522069945,0.03612948166392604,0.10737605156200757,-0.025501191125014186,0.21034041511896612,-0.03146000142175691,0.33019237619314296,-0.09530996144146474,0.43179544009925497,-0.1150204585043293,0.5501656065431595,-0.1549951759819042,0.6633116270743624,-0.050742058391791064,0.341700463022691
14.247000,0.05797201148377107,0.004176282866759347,0.03522313403555749,0.1070346660665532,-0.025463396683638867,0.210558310656898,-0.03166727784001361,0.330397836100708,-0.09621552590098142,0.4315587162484201,-0.11442237157082419,0.5501694694319087,-0.1562446124862654,0.6626456898734349,-0.051902923762733616,0.3412366531355279
14.297000,0.058494800994789826,0.003880072482881677,0.034092179015343255,0.10643390796101337,-0.025388877504808366,0.21065484594758493,-0.031854366290196404,0.3304805420822212,-0.09691054658447297,0.4313155231395049,-0.11349211433481708,0.5501643835070608,-0.15709575497631917,0.6619620691841924,-0.05108722111543901,0.3414311295975893
14.347000,0.058671689020148694,0.003770451429452179,0.03275325797344132,0.1058751153501479,-0.025423653489705093,0.21082961469179373,-0.03228232548369269,0.3306334482969244,-0.0977530313401439,0.43119977764925743,-0.1127786386357868,0.5502553574689792,-0.15815101058674857,0.661346976673697,-0.052436317393890104,0.34089204760274183
14.397000,0.05814146738788356,0.0030686782163476074,0.031116977323849465,0.10498963653784624,-0.02533929100559329,0.21087962551773076,-0.0322966177253617,0.3306777707655531,-0.09773483771141386,0.43126524197791005,-0.11091552459974785,0.5505391682696489,-0.15760891883548345,0.6610820420092128,-0.053252730402523304,0.34033242461993346
14.447000,0.05791514043568986,0.002679070119729526,0.02944514896185413,0.10410295526499394,-0.025317328677947337,0.21087875328465183,-0.03257651785437052,0.3306589860966026,-0.09796384339762167,0.4312795488970874,-0.10950765391222515,0.5507230101613484,-0.15754493394886054,0.6606885489754059,-0.052391219853652526,0.3405324762118629
14.497000,0.058167445700821746,0.0023827616673901494,0.028005456955728914,0.10339192533636699,-0.025114645476437616,0.2109942241849695,-0.03311847292800471,0.3307270047675913,-0.09856990474233819,0.431305879653737,-0.10877088134591444,0.5508715104857316,-0.15844237062405292,0.6601086065328149,-0.05374439925144431,0.3399590239207683
14.547000,0.058687608890267556,0.0023417649544129667,0.026821322005310552,0.10275029404123734,-0.02476589114081479,0.21109584972817033,-0.03374466857990081,0.33075946802580347,-0.09927907489179291,0.43128429867696816,-0.10842293688166682,0.5509354155811479,-0.15975109814733857,0.6594039357078919,-0.05792882903159813,0.33832186952799603
14.597000,0.06024547201640355,0.0026127195824473086,0.026236222871986084,0.10236956194390258,-0.023878474441292007,0.21140403865657745,-0.03413203320268623,0.33096517167317646,-0.09978045415367992,0.4314155814315393,-0.10813725721380696,0.5511242437641607,-0.16122681279909476,0.6587416172962373,-0.05707192976045829,0.3386948051924111
14.647000,0.06076948576919505,0.00252632920843417,0.02536621383429013,0.10174307579204038,-0.023197172880600345,0.21147728864646068,-0.03461478671730661,0.3309328791153532,-0.10017584075148273,0.43144033254010045,-0.10776454733815952,0.5512001402066828,-0.16233410957733158,0.6580746595133199,-0.053235318583161106,0.3400592900672597
14.697000,0.06242306065475579,0.002702205957599913,0.024917531967065157,0.10121443566986982,-0.02201989937097394,0.21165391022216415,-0.03491387120593528,0.3309591720102313,-0.10035084924895372,0.4315474511713619,-0.1073630645039264,0.5513423961282252,-0.16352813718011494,0.6573871254233602,-0.05407980560403187,0.3395816596859989
14.747000,0.0634660309075032,0.0027885898212563296,0.024439526308437112,0.10063689193697324,-0.02089272211265103,0.21174489008782085,-0.03533613445426258,0.3308725016643575,-0.10057331541742699,0.43159047533330774,-0.10716345763096392,0.5514093804593575,-0.1648205008490008,0.6566503675668215,-0.05307552748298337,0.3398265089538996
14.797000,0.06496054704987626,0.002921674598410665,0.023954707576275824,0.10003739338788144,-0.01966040561404596,0.2118306038319661,-0.03572823416708701,0.33075000883211764,-0.10061518120713273,0.43169397400003784,-0.10686103280721576,0.5515313193385831,-0.16590305206077988,0.6560016020148626,-0.05201226242521889,0.3400867762731781
14.847000,0.06590839467487213,0.0030160215592720174,0.023458740518790128,0.09942859912476773,-0.01848657916185946,0.21185897827955008,-0.03626298133156659,0.33053500587527307,-0.10074681306090828,0.43173695963853775,-0.10681941992734138,0.551583208832435,-0.16716480044619547,0.6553060850460974,-0.05295550804049835,0.33951737504838575
14.897000,0.06712931406847786,0.0032401570133240437,0.022885076858734033,0.09885437495229774,-0.017288158105464066,0.21193006281983076,-0.036842988315589964,0.33032604507466684,-0.10077207821837944,0.43187933871644957,-0.10675751729161118,0.5517299729199269,-0.16829474355052368,0.6547502125368797,-0.053919164152721355,0.3390623358217254
14.947000,0.06787799205295117,0.0036379828472593665,0.02219058076327282,0.09855884505212016,-0.016300076277882727,0.21221828953668462,-0.03773271298268868,0.3302887857819971,-0.10108716946377502,0.4322015565385005,-0.10718285632981009,0.5520466340372541,-0.1698570807995246,0.6543791390708008,-0.05323124349394248,0.33950379795156393
14.997000,0.06829913856034409,0.0038102193299330554,0.021112904742639167,0.09797586925060674,-0.015426446368806343,0.21227755698674658,-0.03861018295844924,0.3300167363251866,-0.10107658116475837,0.43247623608200103,-0.1071860404806248,0.5523206122017363,-0.17071819020348578,0.6541227042542054,-0.052533590999686866,0.3397464955875387
15.047000,0.06927656704125147,0.004140887748970547,0.020682413539864025,0.09760737254220316,-0.01420046641146977,0.2124254228926127,-0.0394139458730379,0.3297466931440371,-0.10115105218811597,0.4326472747935888,-0.10766585664107013,0.5524702998050803,-0.17217174132069413,0.6536581984969458,-0.053575376583536005,0.33942039278690994
15.097000,0.0705626364922697,0.004607570417491663,0.020316489109525597,0.0972250051299294,-0.012885939292809012,0.21254021985976188,-0.04022325595366738,0.329384865084879,-0.10112367865800767,0.43278282693341946,-0.10819114514851877,0.5525745249654831,-0.17358741067827504,0.6531892776350648,-0.05283509179379217,0.33966082765950906
15.147000,0.0712649035618711,0.004906604525271936,0.019810438590858633,0.09682937666670412,-0.011771775542634186,0.21259881888020962,-0.041234030356138374,0.328925838704944,-0.1012418444853303,0.43284437527776315,-0.10898286542047667,0.5525944341290289,-0.17516245652053283,0.6526956914729272,-0.05397165946055299,0.339227839961603
15.197000,0.0722024085201691,0.005413613479103919,0.019293501849606556,0.09650433167916668,-0.01063454193825869,0.2127123873165948,-0.04227219415422337,0.32846669160918535,-0.10125843846327712,0.43296847619831363,-0.10979423321252485,0.5526645087474279,-0.1766440417755049,0.6523194288221181,-0.05504100388642441,0.33889385523961796
15.247000,0.07272906927615061,0.005765432209705995,0.018727066581355492,0.09621509549976179,-0.009637952730352839,0.21281451950968727,-0.04345033751697383,0.32795236139949113,-0.10138400995384575,0.4330413217996074,-0.11084301784927947,0.5526679374402501,-0.1782733078687798,0.6519310020105427,-0.05467523511305311,0.33907416480838076
15.297000,0.07399973477755697,0.0064706103594968705,0.018551282152990567,0.09603067449434396,-0.008346255298231159,0.2129773395988125,-0.044475967445353926,0.3274091703984754,-0.1013335218925544,0.4330842313271567,-0.11195091458733211,0.5526136041706611,-0.17993807213368104,0.6514960920477622,-0.05422752557387449,0.33920953027752015
15.347000,0.07479848279627785,0.006979206295228086,0.018400677968548433,0.09595473549262587,-0.007135438862456087,0.21320620344588112,-0.04556318045559851,0.32688693477731906,-0.10132682414205998,0.4331433041996237,-0.1132201819204495,0.5525524664978126,-0.18167841954922695,0.6511094028379897,-0.056949234604033144,0.3383675793602857
15.397000,0.07599886629154302,0.007704346023504417,0.018320014016800452,0.09586726199581165,-0.005940952179939216,0.21338919832771802,-0.046648691267690584,0.32627356384555034,-0.10128368252062794,0.43311465018779727,-0.11456435117605246,0.5523774853044622,-0.18340262890948023,0.6506693543409979,-0.054951867619720304,0.33907353157678516
15.447000,0.0767896717482102,0.008192587834457647,0.018301731101145538,0.09580833339525079,-0.004731575404580274,0.21357703378467205,-0.04777335508418351,0.3255922345478386,-0.10120239126928805,0.43304146950244754,-0.11603213668327357,0.5521216049195539,-0.1851650206806737,0.6502064883124702,-0.055875223760256235,0.3387604677220136
15.497000,0.07785068435500767,0.008897137742057538,0.01829050097738459,0.09578728035382557,-0.0035208495252039423,0.2137884031843021,-0.04885963618950469,0.32489373349661904,-0.10096239190524738,0.43299231279729994,-0.11742393471353697,0.5518578570410833,-0.18670777744043388,0.6498361665641335,-0.056620270879721324,0.33851327426483174
15.547000,0.0784691157537521,0.009343544238556717,0.018278414962502744,0.0957983728268964,-0.0024162469448600066,0.2140004496637267,-0.04996713722132495,0.3241771842038082,-0.10073106149772837,0.4329109139846798,-0.11888123579814203,0.5515303524122183,-0.18821821396020166,0.6494710664148948,-0.056451343035690105,0.3385451593995974
15.597000,0.07910654597065879,0.009910706341161375,0.01821166445864973,0.09583381886001956,-0.0013480920775112148,0.21422898734068097,-0.05103249593874605,0.32346021001866565,-0.10030886088328973,0.43287611312524693,-0.12019203792759077,0.5512173961415052,-0.18940713763844463,0.6492442800399083,-0.05803678536049674,0.3380883862972185
15.647000,0.07901120372725903,0.01000043556506653,0.017785014646282793,0.09572340441148092,-0.0005101532151478849,0.2143205663772367,-0.05201656017409578,0.322704559852587,-0.09957978962138758,0.43287596814189794,-0.12100068125281188,0.550948595776529,-0.18980342155403848,0.6492653436901356,-0.05684545063005206,0.3383299071609962
15.697000,0.07793936358590131,0.009643305823865543,0.0166075326265892,0.09526172552983457,-0.00026776117820263845,0.21406923564149355,-0.053373746813587725,0.32167850238782947,-0.09894057879427418,0.4326905009431363,-0.12178804982753721,0.5504953950152469,-0.18987536117826084,0.6493089468842006,-0.05712126611440044,0.338011364577475
15.747000,0.07774579837033717,0.00973089614347791,0.01619964649493861,0.0952286339279881,0.0004386496541151502,0.21418909361044433,-0.054343906197235156,0.3209545916462062,-0.0980989638865586,0.4326931030309187,-0.12259172385652996,0.550166949926015,-0.1900347732458439,0.649421345673728,-0.05745668913831793,0.3378401739354474
15.797000,0.07748600416162116,0.009710197338089099,0.015897346780832523,0.09515077831320529,0.001108946413835743,0.21423605538214197,-0.055220059958049336,0.3201937971528881,-0.09723009099665224,0.43260001269338066,-0.12334985400708266,0.5497228455667318,-0.19009518702187528,0.6494477698371691,-0.05762875625071501,0.3376269960355662
15.847000,0.07723831652191927,0.009640759654552073,0.015613209769432791,0.09507906541201779,0.0017466120781139682,0.21427519566995487,-0.05617353179334607,0.3193716129919043,-0.09629498014605169,0.4324656861437772,-0.12423422778608305,0.5491678645352237,-0.1901218073100906,0.649461567550256,-0.05766879149926289,0.3374154386665408
15.897000,0.07682217553628065,0.009558672107413365,0.015360434279846902,0.09507483049706715,0.00229699716479001,0.2143616554642065,-0.05716186823189151,0.3185952552568803,-0.0953825286137013,0.43234577666218366,-0.12521957511744958,0.5485772296167654,-0.19015189096385293,0.6494920172290022,-0.05785642040797924,0.33717661819160466
15.947000,0.076504012081216,0.009494627619148346,0.015139789698421884,0.09512049863210562,0.0027409001609814826,0.21447822790942694,-0.05814561548289522,0.31788437962559857,-0.0945267666910826,0.43223651925038664,-0.12625481457085946,0.5479660789045155,-0.1901756195187569,0.6495245876313219,-0.05802355170852762,0.33701325092821477
15.997000,0.07632047286325909,0.009615369468281142,0.015213162847840501,0.09537092624736593,0.0033084598918476232,0.21477895787331608,-0.05893512438485238,0.3173739684961788,-0.09357319498765829,0.43226610948965527,-0.1272222453195504,0.547451791795637,-0.19011028971084692,0.6496530337649897,-0.05794367471168656,0.3370672283157686
16.047000,0.07630607013241748,0.00966074343387454,0.015462868364695036,0.0956560545496869,0.0039082746851413774,0.2150984731428249,-0.05967037649615116,0.3168715300383665,-0.09255833239178206,0.4322768260892627,-0.1282475434142084,0.5468468056494821,-0.19000126059184114,0.6497374194647811,-0.05805590845425411,0.33691971923673714
16.097000,0.0757695328542415,0.009562336770473927,0.015447616060757702,0.09589072813261797,0.0041573548085830775,0.21535842251422732,-0.06064593480859888,0.3163561138481961,-0.09175468320485246,0.43225367971227546,-0.12948790483435435,0.5461668219982245,-0.1899734361310822,0.649808032449244,-0.05803616967146909,0.33692171903571677
16.147000,0.07553439002377699,0.009539448287876397,0.015607679014370837,0.0961779022273544,0.004458082593203003,0.21565880655738523,-0.06144846787376165,0.31594004411015536,-0.0908563920277751,0.4322808108127643,-0.13058515746050228,0.5455134262429772,-0.1897577077069268,0.649909830860471,-0.05839569439147116,0.33674760156564154
16.197000,0.07516785097953507,0.00948181412047539,0.015816922952035073,0.0964936478533826,0.004628583101084369,0.21597093036679313,-0.0623423685085034,0.3155444792420072,-0.09011462415617995,0.43228651028307485,-0.13191959882487037,0.5447691493546389,-0.18972059819834747,0.6499311409207724,-0.059074281879852863,0.336455343381468
16.247000,0.07501988617281401,0.009483629125741268,0.01632954148058076,0.09696269142769333,0.005037645677810565,0.2164302313227108,-0.06283518739164627,0.31539122629910227,-0.08900561825545424,0.4325027481421698,-0.13277771319093246,0.5442345865065068,-0.18912327428835068,0.6501835258236225,-0.05847227966801331,0.33675844863616244
16.297000,0.07433785690667064,0.00912521740304373,0.016537103547323892,0.09716787579368234,0.004991584683764469,0.2166111719394323,-0.06370996415518984,0.3149986568503619,-0.08832522715554891,0.4324468957789279,-0.13409890707213593,0.5433737646019968,-0.18890554496316392,0.6501269024625345,-0.05919301138000359,0.3363858534287225
16.347000,0.07406840011719443,0.009039230359359208,0.01695278515455871,0.09755030571440686,0.005008399573825276,0.21695437413734184,-0.06443420233865482,0.3148202258095612,-0.08762308817238326,0.4325583909745934,-0.1353581819767054,0.5426554427659718,-0.18863053553595308,0.650182445539479,-0.058896292761066144,0.33653966072915553
16.397000,0.07353793191714592,0.008755182402698446,0.017356532990785656,0.09786601277795823,0.004824469354272165,0.2172098328146353,-0.06530863924198363,0.31458204177815313,-0.08716992005221058,0.43257392455537885,-0.13691679514106528,0.5417767103204935,-0.18861329855930903,0.65007016134264,-0.058634266882134106,0.33663049901580855
16.447000,0.07333069548044693,0.00854460651644073,0.01800948240482573,0.09819359828612859,0.004838209857083664,0.21746856455925587,-0.06583056581931895,0.3144527083371897,-0.0864181192439884,0.432673487576623,-0.13804532715378312,0.5409999912745928,-0.18810750803696794,0.6500585904092273,-0.05925845425964277,0.3363309895170753
16.497000,0.07297457785504642,0.00817038263896539,0.018733806633902866,0.09850866135117929,0.004757382468061844,0.2176919637367533,-0.0663716309352233,0.3143390715685691,-0.0857772211999604,0.43275960638611777,-0.1392970578926993,0.5401636429973051,-0.18767347342676785,0.6499804104787434,-0.05862582083885186,0.33646758760289297
16.547000,0.07283171800412426,0.007932129598647841,0.01961952131714005,0.09884872227191702,0.004747738819495945,0.21792361502996693,-0.06673028408219163,0.3143128895477179,-0.08506354998620859,0.43290416815323535,-0.14037875925529913,0.5393946730046745,-0.18706969014093455,0.6499385872335097,-0.05929144147440653,0.33615348413863555
16.597000,0.07259796743389836,0.007559756363373095,0.020570014556170482,0.09919909448690553,0.004629190159733579,0.2181355906416244,-0.06712507162936654,0.31431940380734663,-0.08450266314402713,0.4330544841886271,-0.14161791312692518,0.5385904885633906,-0.18659472669027483,0.6498428424337132,-0.05851942799177497,0.3363485928307284
16.647000,0.07237729932426873,0.007270951910631437,0.02151793276274277,0.09952432692668862,0.004466295713051252,0.21830665588990378,-0.06742779915714853,0.31438599353746344,-0.08392845837605656,0.43324611403774466,-0.14270546537868872,0.5378657271502585,-0.18594960938705163,0.6498029596021283,-0.059302124478330887,0.3360154733764556
16.697000,0.07196312932530832,0.00669844582747533,0.022493299153998177,0.09975826550340834,0.004153149988084415,0.21834847977272562,-0.0678105660124695,0.31437568188846104,-0.08357315843146361,0.4333359301640242,-0.1440093071098023,0.5370059447228008,-0.18551541364413682,0.649599208819162,-0.06026729500700917,0.33557051668329413
16.747000,0.07147024861700506,0.0062281252059331925,0.02327888956493708,0.09990283980752737,0.0037347759866249025,0.21830059157857087,-0.06807554524587515,0.31444255829698753,-0.08306858310416364,0.4335022442355095,-0.14492191261009585,0.5363330063110213,-0.18457848743506394,0.6495909246794582,-0.05943497323979603,0.3357026751352926
16.797000,0.07117573967594386,0.005672860644664489,0.024395973242133273,0.10012779795118733,0.003365243541373991,0.21827054384890798,-0.06830855492871786,0.3145143312477248,-0.08279526916576117,0.4336366847780929,-0.14614765388020579,0.5355507434304349,-0.18407237839760393,0.6494002725040295,-0.05858223629335742,0.3358352407191941
16.847000,0.07096932309604585,0.005306007695281232,0.02554513230732057,0.10035337278550974,0.003011710560446676,0.21821874049111437,-0.06840165912843012,0.314655925382005,-0.0824677621033748,0.4338286770792705,-0.14717394738410278,0.534888607746257,-0.18338069394197315,0.649296087850025,-0.05947450686696208,0.3354340816535946
16.897000,0.07062563646416356,0.004748271940655568,0.026707742583603256,0.10056727311856983,0.0025204597653103594,0.21810439640252566,-0.06854777723725661,0.3147962041700246,-0.0823442083665206,0.434000476275077,-0.14836778588531735,0.5342047037887873,-0.18287581367263114,0.6491359702841581,-0.06051364356413512,0.3349893345098912
16.947000,0.07037089697179953,0.004366724007075495,0.027874979096770794,0.10075892042576365,0.0020401854382060963,0.21794494107933537,-0.0685595800313507,0.3149793324859061,-0.08216435838969695,0.4342056299450664,-0.14935319564356597,0.5336322870772113,-0.18218430314640982,0.6490537685273152,-0.0595640405125898,0.335185819442828
16.997000,0.06994523714789706,0.003779894716653047,0.029037173298101203,0.10092285022741448,0.0014172234191208583,0.21770100901013628,-0.068625972022272,0.31513791563364735,-0.08219625903237807,0.43436814380781164,-0.1505024619471461,0.533030510713165,-0.18169199401783384,0.64890636276704,-0.05871772180175357,0.3353419759412091
17.047000,0.06960008999824054,0.0033547634104630795,0.030163468690386566,0.10103898026563231,0.0007923155188765824,0.2173890355314214,-0.06856809113238592,0.31531315916147756,-0.08216742177206625,0.43454007812250417,-0.1514301493546426,0.5325333154777593,-0.18100220827718017,0.6488324699461434,-0.0597315741020432,0.3348895668959557
17.097000,0.06914100151687687,0.002744890531608835,0.031242475145761756,0.10109330097547485,-1.1365149522046814e-06,0.21695458324900815,-0.0685873237127427,0.31542252181016883,-0.08237591954812898,0.4346277004865153,-0.15253654238999192,0.5319800861844838,-0.18054153339845824,0.6486665056090155,-0.06090471635940613,0.3343452206042724
17.147000,0.06906705175195643,0.0025743943608214728,0.032634072112647024,0.10141767768838346,-0.0006051534678732096,0.21672229113817845,-0.06844695200804368,0.3157045641511322,-0.08266272558288765,0.4348595547375744,-0.1537084276794694,0.5315679215605845,-0.18035875093762763,0.6485711705335613,-0.06003269406505235,0.3346371203494229
17.197000,0.06871833205813428,0.002243562832336833,0.03384385450944916,0.10168093763083061,-0.0014289858652610232,0.21637978998733892,-0.06837947881161134,0.3159670958763513,-0.08311733682380161,0.435058638570226,-0.15492506566795272,0.531202541539849,-0.18022178475017903,0.6485058918912912,-0.05932737020745037,0.3349113998109573
17.247000,0.06848392672416803,0.0020512988973230297,0.03505053676359757,0.1019490818120428,-0.002193401741534845,0.21602313251870392,-0.06814725058468929,0.3162732687917833,-0.08346431967437856,0.43529170179482424,-0.15588284371055114,0.5309763786057794,-0.17987892865724536,0.64855268534838,-0.0604019188072733,0.3345659747176904
17.297000,0.0681338966006168,0.0017744477433167725,0.036236800124963844,0.10219953388530598,-0.003081342633921444,0.21557538514999067,-0.06796378589304067,0.3165222452137188,-0.08404070345063183,0.4354404217968025,-0.15700974722768152,0.5307059383820851,-0.1798058327213336,0.6485207867084554,-0.05974080498477008,0.33483253282181324
17.347000,0.06790281002958386,0.0016101419689765564,0.03739922845905437,0.1024411410169523,-0.003929250419699631,0.2150997262804305,-0.06765769835819473,0.31677905025217057,-0.08455838352508495,0.4355829510336232,-0.1579435690246323,0.5305282750322069,-0.17961704966072167,0.6485547984797643,-0.06083060224065674,0.3344606074049111
17.397000,0.06751569152047779,0.001366668609036007,0.03853067652955651,0.10267335894180009,-0.004867224758974692,0.2145510696921974,-0.0673475051150126,0.31700210465274736,-0.08522379320898833,0.4356631274185831,-0.1589375122629672,0.5303536106796382,-0.17957740651105886,0.6485652630884637,-0.060163881349023174,0.3347219595177243
17.447000,0.06705102330991121,0.0011076921053049945,0.03947708023204495,0.10277860206755617,-0.005805991471910438,0.21390665170844073,-0.06686832901059041,0.3172090763299725,-0.0856613618143756,0.43572836554597916,-0.15948465956489977,0.530333443129832,-0.17906323510244165,0.6487255010487264,-0.061180085653451524,0.3343192760222156
17.497000,0.0664222431794601,0.0007472239037249395,0.04039636523591316,0.10285269250626465,-0.006812907055689474,0.2131762376345809,-0.06636527582795793,0.3173564438811614,-0.08622148335878663,0.4357022550529308,-0.16006077099679766,0.5302948530762144,-0.178678915266938,0.6488417412821277,-0.06219766641688272,0.33388280613713184
17.547000,0.06583816734584845,0.00047608929907154716,0.041181905445690024,0.10289398418091276,-0.007832740751615525,0.21242737844107665,-0.06578487448220392,0.3175061593441234,-0.08671388873792509,0.43566696656158804,-0.16041929807211597,0.5303639181222077,-0.17813391198977435,0.6490491844940155,-0.06144565223316194,0.3340981325490375
17.597000,0.06553525227649175,0.0003041010649832112,0.04223179777999832,0.10305228500350243,-0.008701235007177052,0.21170690373230072,-0.06505465530675428,0.3176516630200503,-0.08729336959957873,0.43557299097475966,-0.16084432963817077,0.5303899529457142,-0.17786597692679612,0.6491765831849025,-0.06070629009034241,0.33430005812664637
17.647000,0.06551478883646804,0.00025874995237939904,0.04338865674471197,0.10325288931828662,-0.009411101150098938,0.21101274068348366,-0.06416979360120022,0.31779047994146614,-0.08780329007968095,0.43544020516087184,-0.16112708220743288,0.5304329496627872,-0.17760543257915423,0.6492961650367067,-0.06141749009581572,0.333939845448989
17.697000,0.06521236031619435,6.458712004645754e-05,0.044338841532378194,0.10334244547770736,-0.010279808510968408,0.21019188659670635,-0.06331722684031638,0.31783496466937095,-0.08841866293036954,0.4351802581677339,-0.1613668142110164,0.5304617738186502,-0.17736737389167784,0.6493902484994666,-0.06072939428935037,0.3340386087335881
17.747000,0.0650223968150071,-6.345544669849081e-05,0.045230431934103185,0.1034045924630502,-0.011097046788971901,0.209363146344752,-0.06238337532536001,0.31785145219039446,-0.08897031271973979,0.434869120770773,-0.16143324758614402,0.5305201692258064,-0.1770528296228505,0.6494992793964518,-0.061392080484463124,0.3336219956203194
17.797000,0.06545484611919523,0.0002250359714614819,0.046544208333131845,0.10381991429155898,-0.011635055020393303,0.20877311012491342,-0.06126711853410707,0.3180281249817161,-0.08963010797378215,0.4346280427776687,-0.1616432295153054,0.5306182002202093,-0.177188175003002,0.6496070848681248,-0.061854697993727004,0.3333676260652016
17.847000,0.0651583408105449,8.494345300441305e-05,0.04723394550419753,0.10389304299944442,-0.012546896329253071,0.20794231473923203,-0.0603753571435728,0.317998838108486,-0.09037057803256011,0.43418957235071465,-0.16171189509177336,0.5306800717790561,-0.1771292988793149,0.6496855492167032,-0.06132116083995458,0.3334484704649329
17.897000,0.0650727227055806,0.00011591305694767634,0.04801079846053511,0.10406744469910645,-0.01336961106526613,0.2071811941366108,-0.059370893189887655,0.31801387001734216,-0.09113178353340312,0.4337344206617278,-0.16171682078421049,0.5307795261898193,-0.17717286719781233,0.6497799909631808,-0.06083914069643981,0.3335107981825337
17.947000,0.06533254016875749,0.0003691803875811507,0.0489509162470745,0.10443165730597968,-0.013976529863283155,0.20660864358972064,-0.058230945327379574,0.31815032509009583,-0.09182415860053735,0.4333523043351768,-0.1616260007153606,0.530962256888064,-0.17729590313418342,0.6499347501719496,-0.06122116320170602,0.33332085624188357
17.997000,0.06547485821359607,0.00052648357186828,0.04970269655585651,0.10465101745431793,-0.014691404073061326,0.20591009013226425,-0.0571224732346175,0.3181580494444348,-0.09259419366445021,0.43279555224704996,-0.161467936157636,0.5310625741206945,-0.17744812212799474,0.6499937880555893,-0.06159686722981571,0.3330120046392369
18.047000,0.06541918269617847,0.0006069930053334242,0.05023906340940191,0.10485147045105817,-0.015483031245657003,0.2052536929072387,-0.05609750333594998,0.3181716483298153,-0.09340521642783112,0.4322248575956754,-0.16125370561460373,0.5312025445511778,-0.1776178355498759,0.6500815387067905,-0.06119592680875438,0.33308930237236617
18.097000,0.06553379763530728,0.0007890557032194888,0.05075411414287227,0.10502619444565955,-0.016240910675276374,0.2045835479415444,-0.055018028750467074,0.31814557993754755,-0.09423323876834695,0.4315570753901255,-0.16094665240785372,0.531303355654056,-0.17783551209349852,0.6501089379652519,-0.06095718124413199,0.333078912972648
18.147000,0.06564104063538558,0.0010775044965286161,0.051188449284606086,0.10542538787995483,-0.01705136378780979,0.20413368495695713,-0.05414239272937922,0.31825754561745034,-0.09533450046161941,0.4309660646414154,-0.16093810908972028,0.5314457468412064,-0.17855192617931936,0.6501460141009485,-0.061381055447322155,0.3329239886057379
18.197000,0.06564296286393,0.0013358066369638312,0.051402201928074986,0.1056673813464596,-0.017965019191927084,0.20358667788237603,-0.053308438761751384,0.3182638015518829,-0.09647277529863021,0.43023183293285816,-0.1608084763236132,0.5315280202926201,-0.17922617568373805,0.6501062153804188,-0.0617240988130649,0.332713384032391
18.247000,0.06565396251332219,0.0015523588168832926,0.051508485057591064,0.10594232082031882,-0.01888162259548065,0.2031289080872301,-0.05255725305239399,0.31830682226060547,-0.09766080360652195,0.42950785520280077,-0.1606885692079305,0.5316229900423234,-0.18000985109033213,0.6500573096731667,-0.06191039650456555,0.3327055154876014
18.297000,0.06566104944686049,0.0018612228481859276,0.05151059810474322,0.10619993896837937,-0.01981261289379249,0.20270382268742126,-0.05181778323861731,0.3183570503604903,-0.09887977258071276,0.4287435040546119,-0.16048208475833936,0.531724837966978,-0.18082617725602396,0.6499877565021032,-0.062185192468492675,0.3325694855619577
18.347000,0.06567992218669076,0.0020609157795435313,0.051437395839993086,0.10643768028063658,-0.020696645960239762,0.20233700255958842,-0.05110235100353083,0.318420994138188,-0.10005347097954455,0.42798279337995804,-0.1601819099248638,0.5318315816733175,-0.18161363295930016,0.649902243769264,-0.0624940457136829,0.332518934149196
18.397000,0.06573228293086535,0.0023613391977325947,0.051278860075006344,0.10666063561627717,-0.02157290294894501,0.20201586947526384,-0.050398572254374246,0.3185022669176006,-0.10124554835676354,0.42719718409979024,-0.15979290910615068,0.5319454850372332,-0.18243103084235712,0.64979078805885,-0.06292695337877031,0.33241869298894905
18.447000,0.06577431265316014,0.00255420621414627,0.051026391063298496,0.10686076439979916,-0.02243797359530572,0.20174483643145044,-0.04978467425472197,0.3185872857512257,-0.10246205421158075,0.42640701326377656,-0.15940872280103782,0.5320340786237616,-0.18332295056988637,0.6496270618762481,-0.06309570253269023,0.33233605326733456
18.497000,0.06623195191802321,0.0029866866985519135,0.05095072065456048,0.10717421250873843,-0.02307490389205101,0.20162105951635229,-0.049094155729761224,0.3187662622931672,-0.10360217418802839,0.42567218319209155,-0.15897308381443803,0.532133736659181,-0.18429825850505965,0.6494309468847899,-0.06304704828230401,0.33238797342578424
18.547000,0.06655326364510857,0.003222075542449614,0.050780926991747674,0.10737560049190753,-0.02369318111683416,0.20146920907024274,-0.048406362491983074,0.3188968831716915,-0.10471828067283014,0.4248637075331256,-0.15840012733285286,0.5321868613077742,-0.18522909109823293,0.6491492770050602,-0.06347194578889888,0.33222658694750196
18.597000,0.0670983148122124,0.0035252885460488213,0.050516486532760724,0.10750781802884321,-0.024333784352589774,0.20130247111238952,-0.04784483384889872,0.31897672721878706,-0.10596361639742527,0.4239634269238745,-0.15791907732695426,0.5321328776925546,-0.18638785008334846,0.6487070128032031,-0.06332469842313199,0.3322073154260665
18.647000,0.06778341955178212,0.0038771357765674144,0.050420512797713306,0.10778034140078446,-0.024813905603456587,0.20126714414748934,-0.04738267078804348,0.31912574942531197,-0.1073344344534941,0.42307663221806,-0.15770523078361243,0.5319930353769388,-0.18798093009440803,0.648111001390984,-0.0640698004800538,0.33192687600234666
18.697000,0.06836586711707264,0.004106044266725017,0.0500105454450835,0.10781998436848979,-0.025364585244066026,0.20119337283030495,-0.04689533935893085,0.3192460162856018,-0.10848706771840774,0.4222336805833249,-0.15704972235521714,0.531968217419377,-0.1890533115962527,0.6476218826251481,-0.06472390600492177,0.33158596095850573
18.747000,0.068894594243528,0.004318261242323485,0.04970182320623867,0.10789869425635325,-0.025745363075433195,0.20121387030799295,-0.04639792659906995,0.3194233099442543,-0.1095610119545368,0.42145479845752404,-0.15637375364741615,0.5319471837841973,-0.19015695359112694,0.6470935923312976,-0.06565713009868306,0.3311955543099052
18.797000,0.0695393202155029,0.004602718250875122,0.04926962832612396,0.10794911457055219,-0.026142788696608105,0.20129239118258094,-0.04603060041005595,0.3196328952926354,-0.11062277080085242,0.42076573612662466,-0.15572794328190545,0.5319661111949309,-0.19124705207529044,0.646588940101396,-0.06400385427926722,0.3318203522760819
18.847000,0.07053360578082471,0.005064378935965913,0.048971940548277776,0.10817917432648923,-0.026500564100185073,0.20147387427973154,-0.045958046523015605,0.3198858938237541,-0.11220943806990086,0.41993964496406005,-0.15574316431325588,0.5317645736644545,-0.1934056865662004,0.6457011104570587,-0.06516082158492081,0.3314421896192832
18.897000,0.07154353995234797,0.0056682712801053164,0.04846228535997646,0.10840362001437603,-0.026808539657770955,0.20186111249460226,-0.04575075894623981,0.32035664966002864,-0.1134212905273775,0.41945609040155657,-0.15518539331582704,0.5319539113505348,-0.19485097456933426,0.6452086757704235,-0.06475848350607133,0.33183308174792014
18.947000,0.07271552469269392,0.00596304762882718,0.04828936059564516,0.10843594441914481,-0.026890984414255303,0.20196623750139164,-0.04569742021162876,0.32048340069927034,-0.11487687674797074,0.4185354419490715,-0.15517365030501223,0.5315671633412689,-0.19704962121877811,0.6440233906478241,-0.06582611010995652,0.33127869778698654
18.997000,0.07414462126019329,0.006177962267691879,0.04796811966764844,0.10824018125561016,-0.02689278798365151,0.20202634497725708,-0.045530285683109295,0.32057019205293924,-0.11601836495036401,0.4176857452934641,-0.1546980183820587,0.5312810110856792,-0.198684974015866,0.6429284370930416,-0.06677066115032736,0.33058659801390844
19.047000,0.07493885315808696,0.006200001484580504,0.047481796357379924,0.1079028451894643,-0.026944091890795704,0.20203459944099242,-0.0454940759247071,0.32059217234269116,-0.11714059590199141,0.4168562683242387,-0.154232916158238,0.5309797092906241,-0.20024867384465528,0.641806375957744,-0.06627515002175402,0.3306144400702132
19.097000,0.07609101052101944,0.006176886330820776,0.04690279080743634,0.10745744274312351,-0.02692725180238012,0.202057256739942,-0.045452945975113,0.3206186275797663,-0.11813012733585185,0.4161069897474057,-0.15358288824893085,0.5307503573865328,-0.2016033011143095,0.6407232629052949,-0.06564285417554737,0.3307085081093851
19.147000,0.0767904824654156,0.0061317458208195365,0.04621615723716774,0.1069413153555381,-0.02695402595987942,0.20205243085162772,-0.045590169170830794,0.32059649087245234,-0.11919839209534173,0.41536900544231814,-0.1531073044624326,0.5304784562362513,-0.20309218167851067,0.6395725076308789,-0.06675117787669697,0.3298730583252785
19.197000,0.07755520604135951,0.006080193106280209,0.045373721188697626,0.1064214441198181,-0.02696929757578105,0.20216321988944613,-0.04571108981022114,0.32069062266809273,-0.12005020853404706,0.4148909168136432,-0.15238149314691918,0.5304534022071182,-0.20416682924636814,0.6387044020410277,-0.06774477841478341,0.3292325810949698
19.247000,0.07817689051037821,0.006214581676546332,0.04459813011545483,0.10606328037268421,-0.02681340093703201,0.20250182677055723,-0.045775413463194,0.32099419816482777,-0.12074654767163437,0.4146922719633721,-0.15154289020283263,0.5306732414617257,-0.2051060185334426,0.6380556947927999,-0.06705121994936794,0.32961634446810634
19.297000,0.07859298782516938,0.005872413754560415,0.04345480774970663,0.10526910893955224,-0.0267262494100204,0.20260676463116184,-0.04587847845613606,0.3210685395706728,-0.12126911656673219,0.4144294076290901,-0.1503447097061335,0.5308536743574556,-0.20559018326048345,0.6373803736010205,-0.06619831881719476,0.3299016761620629
19.347000,0.07889550261284174,0.005660976723129374,0.04230531598413426,0.10444610821191148,-0.02664984195041585,0.20265601705062325,-0.04616758068532388,0.3210581195422672,-0.12192558691369258,0.4141211330980659,-0.14946611485013434,0.530918047958226,-0.20636747202377137,0.6365695294991096,-0.06729983805867563,0.3291186993446773
19.397000,0.07929198428718695,0.005311022152913507,0.04110927326068569,0.10357369060955751,-0.026472373308308608,0.20273376849874603,-0.04644199075557358,0.3210604957370563,-0.12243452377841439,0.41393210024939275,-0.1484579341443651,0.5310763792939663,-0.20695427688156426,0.6358531796190602,-0.06836201035129927,0.328361539016637
19.447000,0.07960371528436826,0.005147040780441144,0.03992013285359336,0.10273069002802843,-0.0263085178526868,0.2027994954851539,-0.04691173997746516,0.3210175450294194,-0.12310266956488845,0.41372645640571626,-0.1478094529484899,0.5311554769024222,-0.20788536781678735,0.6350346589011918,-0.06768628988047508,0.32861219590534485
19.497000,0.08004767234520965,0.004919490224328233,0.038712632071849426,0.10188578045737223,-0.02603865420799445,0.20291681987152047,-0.04738973192984275,0.3210020919426248,-0.12366413762166781,0.41364233717303234,-0.14711088092251703,0.5313294232469784,-0.20872122162309228,0.6343059541594028,-0.0669216264218208,0.3289278727542208
19.547000,0.08069506858791929,0.004990761754672008,0.03779432820762514,0.10120346300107558,-0.025533495851660107,0.20313278508219285,-0.04782964573120642,0.3210432668068782,-0.12417619545961613,0.41362406581275635,-0.14659419480226143,0.5315114413263021,-0.20973945442067005,0.6335539627951668,-0.06805273710981598,0.3282800590939137
19.597000,0.08238729187449409,0.0053733202335033625,0.03745317513126023,0.1007163224799142,-0.024476590879488058,0.2035010688280663,-0.04799380673297318,0.3211740927481668,-0.12442330245914526,0.4136864280502387,-0.14604790410612617,0.5317219167966718,-0.2108122431297909,0.6327445894539904,-0.06695164882243675,0.32874650410902195
19.647000,0.08355168472067949,0.005643372312034672,0.037101445165596936,0.10019353624796168,-0.02347364347078673,0.20378242868674715,-0.04836422115285351,0.32117262905565774,-0.12484567982903431,0.41364201035976106,-0.1458815527375299,0.5317838405935001,-0.21222848441458647,0.6317742634200885,-0.06787712818183651,0.3281364428193765
19.697000,0.08517775267800663,0.005983870987447505,0.0367410065773215,0.09961496738769253,-0.022333516870600936,0.20406687344689695,-0.04865897163184732,0.3211436449757256,-0.12503682688497836,0.41369861905562993,-0.14552362048200607,0.5319369008771823,-0.21334511369908107,0.6309330879643936,-0.06864822668147615,0.32754445230092843
19.747000,0.08617147937302996,0.006164172151366873,0.036321853983622754,0.09896704461283239,-0.021242108344921948,0.20425897327328513,-0.04906454407410471,0.3209890553862328,-0.1252539837135771,0.41369919122597343,-0.1453220222262286,0.5320092661572943,-0.21451374781111401,0.6300526499758157,-0.06769502023831564,0.3278825258020092
19.797000,0.08759490404890295,0.00640264589352741,0.035886577336320544,0.0982753042715721,-0.020049532547307986,0.20444098427733778,-0.04944453532709875,0.32078501640437074,-0.12530502573460803,0.4137645087407573,-0.14502701859484032,0.5321327603862935,-0.21549140094063277,0.6292655088320462,-0.06667751907681799,0.32823145149789223
19.847000,0.0884975449323079,0.006560608591546999,0.03544025044699218,0.09756765091039768,-0.0189050396370955,0.20455638604487975,-0.04995518896884414,0.3204696649497408,-0.1254367985514141,0.41375699857453935,-0.14497950563392925,0.5321549825096006,-0.21664125042376065,0.6284077452422988,-0.06755178269248495,0.32751282721298497
19.897000,0.0895759316449288,0.006749763486842271,0.034901835087945,0.09684648833943903,-0.017725114085187024,0.2046908401638609,-0.05047175809285406,0.32013631346656907,-0.12541286882788796,0.41385840222518566,-0.14483370318951172,0.5322764379825071,-0.2175677306648262,0.6277215072460534,-0.06660077176936796,0.32782176277833613
19.947000,0.0904676373948884,0.007222335425397227,0.03439163061946056,0.09640088730457574,-0.016636754730669195,0.2050107574276206,-0.05121699199761369,0.3199203183339393,-0.12563268866719596,0.414060129721764,-0.14516939067513668,0.532459104666402,-0.218959131245417,0.6270903584128287,-0.06765366433066781,0.32733305987299305
19.997000,0.09154772113865854,0.007693218750120274,0.033861609969146986,0.09587716938583972,-0.015450114858799449,0.20527714102284747,-0.05188756834457947,0.31961135279977043,-0.12561130211796687,0.4142940390654284,-0.1453230356738125,0.5326639996064423,-0.22003236743965393,0.6265709522087899,-0.06684732531284854,0.3277285413574354
20.047000,0.09241631039740583,0.008161749622641766,0.03347825531400825,0.09547534396783676,-0.01427116246951228,0.2055661841923296,-0.052701671235209274,0.3192459800929632,-0.12577180967937931,0.41443397759133366,-0.14590976205042244,0.5327321723125615,-0.22153622288089175,0.62590211608338,-0.06787375054904332,0.32724150852169775
20.097000,0.09345679792721841,0.008630381662642576,0.03301178863128893,0.09494433413718276,-0.013076644006556462,0.20574079787581834,-0.05351283303212295,0.3187227195141435,-0.12576647570165952,0.4145319629146782,-0.14639817880342004,0.5327450452157532,-0.22280289172512674,0.6252778493629939,-0.0672123990176447,0.3275040796556023
20.147000,0.09410170510113676,0.008979496689513195,0.0325424777056821,0.09446528200876811,-0.011979928219120334,0.20590026471468104,-0.05446005658150173,0.3181296668084086,-0.1258789791385091,0.41456273945880273,-0.1471665821257227,0.5326594708236405,-0.22428427063844253,0.6245989189319207,-0.06828494695815683,0.32691880114109656
20.197000,0.09499431368834534,0.009573027358162498,0.032074427803980024,0.09406548832129094,-0.010853285935109688,0.20612445223375417,-0.0554284302731477,0.3175383495143138,-0.1258976148134756,0.4146676140550338,-0.1479675381201176,0.532620649137811,-0.22569935837210245,0.6240414570554458,-0.06779713829504302,0.3271600877980786
20.247000,0.09545236099679169,0.00996018461802418,0.03153554318418442,0.0936978601811935,-0.009876890821246681,0.20632561124524423,-0.05653588965509135,0.3168830073244903,-0.1260200018304685,0.41471939194289076,-0.1489921206060069,0.5325000429810066,-0.22725055171474826,0.6234704665284341,-0.07077082300186939,0.3257453992985814
20.297000,0.09655642932706872,0.010788486650919615,0.03134468458162637,0.09349559158426413,-0.008624920469292738,0.20664341821859813,-0.057482605867052255,0.31624691532326854,-0.12594291402637386,0.41480241342829854,-0.15002969290862772,0.5323601740529236,-0.22877874036663076,0.6229062260069238,-0.06851021355088804,0.32685687881337994
20.347000,0.09726846960983473,0.011390815022304518,0.03116555532704432,0.09341375826585507,-0.007473068372140124,0.20702298658218868,-0.05851659734258635,0.3156257404618358,-0.1259446270841918,0.41489034042156536,-0.15127226521475348,0.5321870187493309,-0.23044224792621917,0.6223652524726984,-0.06949238138365468,0.32654007032755605
20.397000,0.09807165644262023,0.012106226956283812,0.030942640461597642,0.09328662071840146,-0.006303029965885457,0.2073601059566781,-0.059374050907962966,0.31498662098046554,-0.1256094891314845,0.4150509339163873,-0.15213829593014147,0.5320817948456291,-0.23153238459249445,0.6220627855351876,-0.06907953773719201,0.3267602468838307
20.447000,0.09866357835277766,0.012624424576567496,0.030825837079125576,0.09321846307413771,-0.005117367820582655,0.20770901299655525,-0.06030818286170876,0.31426404072916014,-0.1253162272448931,0.4151300615958224,-0.15325175763216303,0.5318331298587516,-0.2328291143079262,0.6216520827835008,-0.06981951787611994,0.3264532625154308
20.497000,0.09949529920001651,0.013386142298623399,0.030755199538656103,0.09320278335074869,-0.003908593085268253,0.20808716645361236,-0.061198141598626646,0.3135286555892251,-0.1248797096854226,0.4152373468894614,-0.15432131125259246,0.5315695956305562,-0.2339659951620049,0.6213288532309272,-0.0695184058952743,0.3265921812556924
20.547000,0.10001167349159891,0.013858995575942057,0.030721652507210165,0.09320791396592717,-0.0027836314358143655,0.20843549724309768,-0.062105649949822775,0.3127470408009593,-0.12446349304811567,0.4152726444525774,-0.1554852462871048,0.5311935262037923,-0.23512352171156403,0.6209584697364319,-0.07012320794158956,0.3263191594341061
20.597000,0.10050943416841512,0.014333096034328772,0.030649077992256066,0.09317302148516425,-0.0016822677010004672,0.20873548980947634,-0.0629617223751886,0.31190926765272897,-0.12385566333599049,0.41531104691159576,-0.15650264426184207,0.5307847436394194,-0.23597709756330304,0.6206947612687617,-0.06994844419349033,0.32633860656547514
20.648000,0.1005405806202225,0.014640659559172186,0.030425176237852583,0.09314860370577324,-0.0007006853498378179,0.2090415747467678,-0.0637251742433289,0.31115873197064386,-0.1230250468206333,0.415482866821042,-0.15720074159495678,0.5305133926989999,-0.23631988397631504,0.6207362351802559,-0.07022944808686991,0.32616425167360713
20.697000,0.1003520773196301,0.014623835670292937,0.029951346397158546,0.0929212377712822,-3.6479645881742906e-05,0.20911388076405235,-0.06460836099964853,0.3102596772087501,-0.12230338302291813,0.4154798484384282,-0.15792019545191754,0.5300723554790286,-0.23657123815785253,0.6207035503312313,-0.07012548089129701,0.3260380317030934
20.747000,0.1003904876700807,0.014790483664043542,0.02968602721330897,0.09288252507363123,0.0006908254721663537,0.20932683912553426,-0.06561044252564645,0.30934754628946,-0.1216501735544347,0.4154585661988447,-0.15904115309806688,0.5294845046879957,-0.23718011474004208,0.6205575669637411,-0.07062502713237244,0.3257485935448674
20.797000,0.1001020771159757,0.01486517989851209,0.029364996257494655,0.09286696155454136,0.0013649767512546873,0.20955457403959218,-0.06652823888267898,0.308501586479825,-0.12078612393141777,0.4155346744010716,-0.1599304335331991,0.5289706608677112,-0.23738202738665795,0.620628997147314,-0.07113448283987915,0.3256259825652929
20.847000,0.09979373327522148,0.014793743969043252,0.028980059872395852,0.09279031990148645,0.001868867418877554,0.2096876388571583,-0.06748877377057941,0.30761372118113633,-0.11997951080422431,0.4155244366958729,-0.16085666883663693,0.5283475634444232,-0.23753807764562238,0.6206512010515745,-0.07097156933737608,0.32539529870105294
20.897000,0.09940038360893995,0.014747369703677994,0.02873954947881978,0.09284128842951882,0.0023927367648106657,0.20991325544045095,-0.06839775140054169,0.306808594777857,-0.11910633810942847,0.41556814256096486,-0.16181433253031055,0.5277110300418208,-0.23763881778179122,0.6207198868047548,-0.07110813104181406,0.3252630476972925
20.947000,0.09909565028943725,0.014660484632199452,0.028514338596257363,0.0928630192006595,0.0028093064876345553,0.21007757172846925,-0.06930459347577571,0.3059920410856378,-0.11826937731373684,0.4155477344278909,-0.16279565750978503,0.526981169140741,-0.23769809361810545,0.6207341694396057,-0.071323002797881,0.3250189607101571
20.997000,0.09881997006806799,0.014643275828986637,0.028546434965604037,0.09306667633699413,0.003377157127213107,0.2103974372308542,-0.06999922118521729,0.3053495678285116,-0.11719138260774942,0.4156804334111163,-0.16359648430564228,0.5263446396221981,-0.23746697414544238,0.6209128728195747,-0.0711484451524781,0.32506249805531573
21.047000,0.09869837249158606,0.014718437734638582,0.02863291772271037,0.09338320150465447,0.0038242858343085218,0.21079074718934665,-0.07071254056473492,0.30483468112577544,-0.11627633760682624,0.41584792537663506,-0.16452163007629786,0.5257223616870594,-0.23737533607917852,0.6210761110708347,-0.07078966326008149,0.3253264963256449
21.097000,0.09842299871765041,0.014753392780294063,0.028764211948149404,0.09376274702565672,0.004175887221163632,0.2112166284883386,-0.07149042627513602,0.30435420945884606,-0.1154275769973521,0.41602124481189884,-0.16560492002025107,0.5250269063481535,-0.23735244582879333,0.6212157442233969,-0.07172323872891004,0.3247908317364566
21.147000,0.09809606006668022,0.014638911503080262,0.028849198595778863,0.0940254379090955,0.004412049496077,0.21151086570279037,-0.0722736018043073,0.30381097883721053,-0.11453583448620043,0.41612261531683037,-0.16663565388476553,0.5242226098525659,-0.23713454813467688,0.6213303124797525,-0.07157932240887836,0.32482147315229515
21.197000,0.09740052852971713,0.014349205022554629,0.028836588367134056,0.09427510999073721,0.004420466870213816,0.21176490959499053,-0.0732055326552623,0.3032755876477198,-0.11381727462232458,0.4161945250072287,-0.16785863293345596,0.523337101007098,-0.2370202314273767,0.6214017393522491,-0.0722110669484363,0.3244665803460743
21.247000,0.09707099248068617,0.014128465236496439,0.02900426996670369,0.09452922119774015,0.004488779077187255,0.2119983265252485,-0.07396796990400044,0.30279776781924833,-0.11301879637203398,0.41626597020283795,-0.1689386936981211,0.5224401906287016,-0.23673309403260206,0.6214549333859699,-0.07201300983897747,0.3245158083673884
21.297000,0.09658931837962291,0.013934306274740132,0.029346378927283867,0.09495318896071361,0.004529634946701153,0.21235902023889894,-0.07472936531879246,0.3024590251051732,-0.11231790681415715,0.4164199901247283,-0.17018938113931817,0.5215432152436158,-0.2365843336400749,0.62150175806211,-0.07261285964109156,0.3241942953163804
21.347000,0.09659979146041534,0.014124019824019016,0.029855546880400777,0.09562599990274946,0.0045390863493138395,0.2129250911446512,-0.0754817692821333,0.30234915202170365,-0.11178755599107745,0.4167252414740788,-0.17161424553162455,0.5207481582579333,-0.23666135841673866,0.6215889887990329,-0.07241650895525323,0.32455906149866676
21.397000,0.0966276846916561,0.014294914061639706,0.0305637122066557,0.09636445455590605,0.004538185099457234,0.2135082633335819,-0.0762140909280169,0.30227238849900134,-0.1113568779657644,0.4170111549050585,-0.17319954468344664,0.5198483299570217,-0.2368803759794703,0.6215574825686329,-0.07323165265715836,0.3243452875882844
21.447000,0.09672015095056664,0.014343590164342009,0.031408852561200226,0.09699815576108309,0.00462592647935961,0.21397112216448344,-0.07672583842227827,0.3021861455300511,-0.11082614538452105,0.417239042338766,-0.174517063299447,0.5189418789510969,-0.23686038509247376,0.6214763133018371,-0.0727311275152046,0.324674665455593
21.497000,0.09671459642963776,0.014124216121266495,0.03232610912861188,0.09752879373050544,0.0046463798978367,0.21429279755562428,-0.07719977889924329,0.3020493146364767,-0.11022605472217759,0.41741510291403205,-0.17579867567771726,0.5179150102820431,-0.23661459392245718,0.6213626979699568,-0.0734447660396465,0.32425970731189185
21.547000,0.0966039466479918,0.013941830670414742,0.03315612373808932,0.09803538205278987,0.004534262331681166,0.21457202457130417,-0.07767485384988351,0.3019886203449067,-0.10970341537048162,0.41763537233904036,-0.17701804041058197,0.5169769107592787,-0.23628155761035755,0.6213217023354921,-0.07283463009827057,0.32454675467722316
21.597000,0.09642151069098141,0.013605440443607023,0.034005013118185184,0.09850802667999756,0.004332752402930282,0.214781656295652,-0.07815591535582722,0.3019345087526144,-0.10931042478514294,0.4178197819419782,-0.17829376859693039,0.5160098948685956,-0.23601783787845673,0.6212141334978942,-0.07372849077150906,0.32408147695225314
21.647000,0.09628931623727659,0.013327010990601153,0.034951871058215817,0.09897205175372023,0.0041377729341023906,0.21494830517131533,-0.07850784624770592,0.30195233743451244,-0.10883037611638717,0.41805808312501386,-0.17941496961574271,0.5151035114590163,-0.23550616120614387,0.621187337869853,-0.07297805862515706,0.3243868249030819
21.697000,0.09583178514046731,0.012738225884027746,0.03580788343983951,0.09934550472066678,0.003754155882324736,0.21498528397495018,-0.0789341050188663,0.30194879061171315,-0.10849859772793297,0.4182498687062525,-0.18061131867248958,0.5141652244507487,-0.2350109143246376,0.6211263575420511,-0.07392800177170043,0.3238543815402349
21.747000,0.09576271436597868,0.012561879918586953,0.03684365553105204,0.0998886343053977,0.0034776901130614962,0.2151566365773747,-0.07917232044658153,0.3021564972141817,-0.10811326227508948,0.41861430880629746,-0.18165333689793195,0.5134397137526945,-0.2344081720160101,0.6212215645965655,-0.07310128725621114,0.3242894582098758
21.797000,0.09545238578421365,0.012065977761542801,0.03785314940571592,0.10032869919722329,0.0030093019908092322,0.21515860077882842,-0.07953869252424864,0.3022552631802672,-0.10800975077385402,0.41882884012641747,-0.18295823844903822,0.5125450297372565,-0.23408385347614122,0.6211091651047277,-0.07412587328030733,0.32378836649744946
21.847000,0.09517876555744179,0.0115947025079749,0.03884762715180346,0.10061246071850623,0.002559816578634716,0.2149942547409859,-0.07973917999940733,0.30232623721158414,-0.107778860120648,0.4190043257230554,-0.18395940613763603,0.511721769651113,-0.23342481637855497,0.6210523380649654,-0.07332858253292249,0.3240133668992694
21.897000,0.09491680951524974,0.010907729134552785,0.03997697362504704,0.10088148470994235,0.0020705142520605763,0.2147370965075271,-0.07992656030331727,0.3023526189014431,-0.10771532118221275,0.41909072223027183,-0.18511589175879128,0.5107921490153526,-0.23296762500631651,0.6208385557045626,-0.0725217806819224,0.3241625979620706
21.947000,0.09473517682448619,0.010418783001481215,0.041130313026961456,0.10110437905874753,0.0016112154630743142,0.21441034063065803,-0.07997473853864563,0.30240881851311235,-0.10759313046618206,0.41918734576592354,-0.18607386435728235,0.5099660569702256,-0.23233416617904568,0.6206908711509638,-0.07343386408435405,0.32353792935312425
21.997000,0.09445309242634578,0.009648899537276977,0.042304147238765244,0.101282376089703,0.0010381123501840422,0.2139638491213159,-0.08006022906866417,0.30241190743302654,-0.10766742663542048,0.41919308161152763,-0.18718548848589286,0.5090645333609255,-0.23189067902949365,0.6204263128836149,-0.07446697629527356,0.3228330318624846
22.047000,0.09425505406785563,0.009144234018348412,0.04348434011844753,0.10144641294638566,0.0004898410057420644,0.21347976979176003,-0.08002013635905945,0.30246372084311396,-0.10769734737197618,0.41922832160263607,-0.18811809754533737,0.5082929214251498,-0.23130702219681676,0.6202514708416387,-0.07357354014984581,0.3229521973523156
22.097000,0.09401321250827917,0.008992598932603096,0.04469375280998109,0.10207289385416922,-0.0001928193792435362,0.21336168770629335,-0.08007184660582595,0.30291246106526337,-0.10802952689410628,0.4196102250228304,-0.18933787986127365,0.5078652630523968,-0.23110846550228625,0.6203606770706788,-0.07287207658396429,0.323544947548037
22.147000,0.09389996154701259,0.008870489799859677,0.04594826492219834,0.10266811158151186,-0.0007935385449438642,0.21319052473214012,-0.07994655104555216,0.30338365424915764,-0.10825947911100901,0.4199957381185138,-0.1903224564304722,0.5075495373134015,-0.23072505627284007,0.620543474876331,-0.07384820800666998,0.32318399110237617
22.197000,0.093596529526065,0.008540668371842091,0.047139194311475806,0.10311568957236456,-0.001528144746290247,0.2128038389278724,-0.07985051349110639,0.3037192202128848,-0.1086514091188708,0.42021174534233685,-0.19138678687587787,0.5071304272663197,-0.23045889695705205,0.6205913025220816,-0.07492610129120272,0.3227005994771031
22.247000,0.09339246857549537,0.008343779270311031,0.048317975965095086,0.10355748212830006,-0.0022254904633266653,0.21239386391949586,-0.07963152467195493,0.30409067884832514,-0.10899165894322806,0.4204435151505475,-0.1922736047473061,0.5068386394521273,-0.23007975114605878,0.620727599823515,-0.07411619650454075,0.3231745747468242
22.297000,0.09308686393756481,0.008088766085978472,0.04947730371739597,0.1039988044648732,-0.0030384088342736704,0.2118973676396921,-0.07945984406801496,0.304416361564263,-0.10955793194020474,0.42058049159775257,-0.1933332973953124,0.5064972428332516,-0.22997179536267098,0.6207671884300512,-0.0734682791365424,0.3235868155140458
22.347000,0.09288462905966488,0.007948228003216975,0.050613821685160036,0.10443935588156059,-0.0038107743493876606,0.2113877702993363,-0.07917175430930182,0.3047725800891587,-0.11007205923779617,0.4207258946399978,-0.19422100782104645,0.5062767827261725,-0.2297679078433223,0.620890996062941,-0.07449442632373354,0.32314020204891536
22.397000,0.09256122167588333,0.007773815634547902,0.051720454207751246,0.10488234550655876,-0.004675845650787297,0.21080428545417204,-0.07889789550149068,0.3050968478117313,-0.11076054779542543,0.42078942055859586,-0.1952132668798888,0.506040451280967,-0.22976647002551667,0.6209581442284468,-0.07389106395508967,0.32356145841712575
22.447000,0.09241743904988736,0.007638121812148374,0.052917453372360285,0.10529585223261814,-0.005293868410185948,0.2102312705446363,-0.07823871670295018,0.3055153148916139,-0.11103037685994824,0.4209480096644376,-0.19560802303446378,0.5060751015087325,-0.22916445454211998,0.6212878000402915,-0.07463175952074669,0.3231815929968388
22.497000,0.09207723814512189,0.007429773070465021,0.05399669724194391,0.1056589836937112,-0.006077304195083427,0.2095392722538803,-0.07767041589245047,0.30584309542508586,-0.11154811954016006,0.42096173507622475,-0.1961779575526275,0.5060369401449866,-0.22885056615476018,0.6215033882875758,-0.07550311392078883,0.3227376435170345
22.547000,0.09184137322787651,0.00728578054454332,0.0550353597941722,0.10599063992389697,-0.006807882034749635,0.20882746912476668,-0.07698740387293569,0.3061662317763485,-0.11198775812099789,0.42094852658871923,-0.19655629940386116,0.5060846635996387,-0.2284287597446622,0.6217745346847054,-0.07467671902123317,0.32316004538270543
22.597000,0.09154648272877895,0.007044959325325771,0.05606633086067913,0.10626235856095956,-0.007571646323584369,0.2079983298783568,-0.07626452945828752,0.30639186526883316,-0.112531824377165,0.42078016589103595,-0.19695820028060887,0.5060572850483217,-0.22815046757855365,0.6219324008444579,-0.07545228476800206,0.3226819700260657
22.647000,0.09136683657310597,0.0069024790865126005,0.05702550052991187,0.10649174278220107,-0.008240088036647636,0.2071913105521772,-0.07545118802050137,0.3066029197281651,-0.11295106390199895,0.42059309171181836,-0.19713922273252354,0.5061053944098073,-0.2277473251203418,0.6221361837210989,-0.07462147467740822,0.3229767346488593
22.697000,0.09109455746853565,0.006657973749466437,0.05797306461127493,0.10668612079039749,-0.009019375238472724,0.20624521381046085,-0.07460689152141764,0.30673540093255874,-0.11355570019509897,0.42023866213195393,-0.19740368317078785,0.506084545847507,-0.2275460308670826,0.6222371991764357,-0.07530848106095091,0.3224643156225603
22.747000,0.09092313981997883,0.006511402322761952,0.05886220739301338,0.10685805882178874,-0.009735144417772595,0.2053182199253902,-0.073672004825737,0.30686662159263683,-0.114070053452057,0.41986218640464484,-0.19747739376572448,0.5061362588818317,-0.22724517153757606,0.6223854713803428,-0.07456635625395085,0.3226459267148302
22.797000,0.09106568673905911,0.0066876765862253496,0.05993557518411652,0.10732456344935312,-0.010278400005589342,0.2046384765750397,-0.072670960101965,0.30714295669469727,-0.11466307541976789,0.41955586631165337,-0.1976449843364251,0.5062392141366218,-0.2272754804178194,0.622523493796814,-0.07499958546201074,0.32236228376648407
22.847000,0.09117966244675088,0.0068451389894272855,0.06089800780560841,0.10774276000634533,-0.010898564423858656,0.2038949945921621,-0.07163967111099212,0.3073866269031083,-0.11531838652202941,0.4191550026628926,-0.19774450597017965,0.5063670134873753,-0.22733556177863942,0.6226613358586477,-0.07440474217785328,0.3226190540090937
22.897000,0.09114604655927602,0.006918521224505913,0.061690438316576654,0.10807229284005865,-0.011626230100218862,0.20307053561200517,-0.07065699146149143,0.30754717995434955,-0.11608306492405637,0.4186168511025528,-0.19784252611584005,0.5064541467109415,-0.22750435102749453,0.6227304389559756,-0.0739647472903438,0.32274573660918976
22.947000,0.09110483681280176,0.006990333597855138,0.06237066323042954,0.10833980641335822,-0.012326091125080305,0.20225676382123217,-0.06963683277230828,0.30768673532764046,-0.11676841567768889,0.4180434926777379,-0.19776383570139752,0.5065858098779501,-0.22756878338493966,0.6228254979950958,-0.07441272430289858,0.3223924627881444
22.997000,0.0912889056160736,0.007217905903494635,0.06311261625687964,0.1086928486891597,-0.012910482703378509,0.2015394341103181,-0.06854146969395844,0.3078653165955718,-0.11743701893449915,0.41745192738473724,-0.19761865629239048,0.5067318525107855,-0.2277231353104107,0.6228943264117076,-0.07473134984616248,0.32209058848660127
23.047000,0.09123331287103993,0.007280172869034658,0.06365763342287671,0.10894882103325079,-0.013594454204953879,0.20077536920435615,-0.06747557778073084,0.30799861538468093,-0.11814324772582165,0.41677723102449105,-0.19737683485065355,0.5068995848616066,-0.2278564316165882,0.6229641968827133,-0.07430132072842914,0.3222047412297383
23.097000,0.09144871887135668,0.0076620199691000805,0.06415952258751208,0.1093245618620699,-0.0142803539836142,0.20013857910854763,-0.06651375116433075,0.30817409279898916,-0.11901005895494257,0.41608209837708793,-0.19728793014166032,0.5070357945523403,-0.22832127276377226,0.6229535740962385,-0.07463065623443906,0.32193836088493516
23.147000,0.09158808617847203,0.0078393638203833,0.06469889113648938,0.10969472514138934,-0.014885367473390032,0.19950756209304507,-0.06547174671851752,0.3083240049085889,-0.11986853101102918,0.4152865677281141,-0.1971046276924721,0.50712656599241,-0.2288449018313391,0.6228527730299896,-0.07440007400854445,0.32201839790615105
23.197000,0.09160103100390209,0.00805999242796714,0.06490371083900354,0.10990887783232076,-0.015709603042124473,0.19879922390600702,-0.06460132435558556,0.3083875425672795,-0.12087828673277971,0.41437293545513665,-0.1969353070466931,0.507191735603415,-0.2294568154686345,0.6227008326042999,-0.07449273129270019,0.32192318460226976
23.247000,0.09159613649953373,0.00825365384934076,0.06500697090300428,0.11018684372113143,-0.016541346128846335,0.19822020097434975,-0.06382797343548437,0.3085106125157122,-0.12195031829570681,0.41349534010953587,-0.19680136419337502,0.5072893747174212,-0.2302076925612625,0.6225456857158947,-0.07483415744010512,0.32168351886211816
23.297000,0.09159230860769928,0.00852939670898401,0.06499765558337343,0.11041955996245174,-0.0174035909528594,0.19765507205056243,-0.0630886349971285,0.3086184748042325,-0.12306959635320827,0.4125525128995574,-0.1966106402704913,0.5073771661262169,-0.23102029684738712,0.6223379226227717,-0.07514816339095888,0.3215436907097067
23.347000,0.09159834307587164,0.008695168554531948,0.06490838952359047,0.11060200894546494,-0.01822952768479652,0.19713574064733547,-0.0623774461180531,0.30871961626568156,-0.12414109427661355,0.41160426898971786,-0.19632313481141264,0.5074674685202604,-0.23179358439789036,0.6221053645500335,-0.07537834486857298,0.3213464847478366
23.397000,0.09165067047404792,0.008939979552596018,0.06474665804041384,0.11075297210809368,-0.019045842777697705,0.1966530117276816,-0.061679367789441386,0.30882423149939053,-0.12523044682946352,0.41061450781716485,-0.19595652156308438,0.5075568739569195,-0.23260650834428662,0.6218231352457956,-0.07578661110473771,0.3211201474638859
23.447000,0.09170294320220801,0.009099930803389705,0.06450384098478695,0.1108720673954528,-0.019848685477844713,0.1962222359914844,-0.061065756425859985,0.3089216284586413,-0.12633915242764926,0.40961613562955707,-0.19558994085752557,0.5076178106246331,-0.23348725435454615,0.6214764669916767,-0.07593415015573765,0.3209681171025686
23.497000,0.09214979806763848,0.009582078375859133,0.06439153472330927,0.11113162125637657,-0.020464619071948242,0.19598109479743547,-0.06034457840806237,0.3091605489506503,-0.12736580979812884,0.40870026234508927,-0.19508647529879838,0.507765450296182,-0.23438233099138703,0.6211490281388178,-0.07630422355038394,0.32082459896215526
23.547000,0.09219817273346217,0.009607221723821696,0.06403906368542484,0.1111180650973701,-0.021195447765722616,0.19558745634406427,-0.05980090982740821,0.3092079575705642,-0.1284544307540736,0.40762896175340957,-0.19459843362787152,0.5077537383265647,-0.235299676285835,0.6206404463397891,-0.07637772887857563,0.3206239910670191
23.597000,0.09257591330187954,0.009921803750569612,0.06371737132595612,0.11120557135521054,-0.021804123824263583,0.19538439203367408,-0.05918962176539902,0.30941212785127703,-0.12945082035943503,0.40669195088455,-0.19393685710683162,0.5078924996180267,-0.23614333051392977,0.620225102176777,-0.07691153425639759,0.3203090400498869
23.647000,0.09286940686215327,0.010054277699653212,0.0633699865350914,0.11118352296207804,-0.02234144154856353,0.1951689448863899,-0.05862284510748082,0.3095527713469671,-0.130418313521228,0.4057058301397108,-0.19323288607932537,0.5079522455991198,-0.23700489872414982,0.6196841162045378,-0.07838951212769667,0.3194676503712836
23.697000,0.09313226861803585,0.010162197587911771,0.06271224324038126,0.1110186045196652,-0.023098132414276856,0.1949029262355431,-0.05812478380426288,0.3096771990160804,-0.13163943183217325,0.40452231763188035,-0.19239499766695262,0.5080054622501695,-0.23804673366561513,0.6189825725039605,-0.07800842505060208,0.3195459383200773
23.747000,0.09326278011200513,0.010198386082785112,0.0621419178059088,0.11084069046263471,-0.023633944426867393,0.19476030353448642,-0.05788950201296168,0.30976707191971037,-0.13249613907487506,0.4037556334912166,-0.1918188188190797,0.508066801004414,-0.238782506894818,0.6184951126020853,-0.07902360612168637,0.31884945399437525
23.797000,0.09349158840840105,0.010296689288588335,0.06121692899060635,0.1105748826453346,-0.02445585539140581,0.1945997243066484,-0.05772026174603148,0.3098970758367632,-0.1339031970724777,0.40261255655620287,-0.19113959261417718,0.5080829079607284,-0.24011765241432287,0.6176326667838816,-0.07773468698420513,0.31949726304410403
23.847000,0.09430876967613659,0.010751057206778306,0.06103755499095523,0.11070299077328402,-0.024671877331856523,0.1946904494257579,-0.05763420372216664,0.3100745256188637,-0.1349415395493041,0.4018545660814291,-0.19107755510670738,0.5079146799666147,-0.24157576326093289,0.6167720682010002,-0.07889159382080464,0.31882110641682776
23.897000,0.09562935395235266,0.011416183913825439,0.06076553505193427,0.11082379864076133,-0.02486173087371242,0.194895026359209,-0.05741419332435209,0.31039540379754815,-0.13634838193300108,0.4007801031038272,-0.19071057526090235,0.5077602504984694,-0.24356053637418495,0.6154954889783844,-0.0798052752201183,0.318285006155768
23.947000,0.09639668277558157,0.01174548633330081,0.06038975457501582,0.11074316505899126,-0.025036289309738488,0.19501884963441615,-0.05734655588282138,0.31058721319601196,-0.13729142872767203,0.40007920891082144,-0.1903496605132478,0.5077120293610125,-0.2448124001066609,0.6146410244687751,-0.07793149723876351,0.31939060307505507
23.997000,0.09764039540530466,0.012057524928477925,0.05988566316030602,0.1104035658125231,-0.02519642458612062,0.19502648436714937,-0.0573100887523693,0.3106496333201648,-0.13868061344094018,0.3988473527459082,-0.1898944860495662,0.5073698815241608,-0.24675318588760387,0.6130443261771978,-0.0807357300482007,0.31753562444434175
24.047000,0.09846708098620248,0.01226964792740388,0.05952539422332004,0.11015174711798909,-0.02519830869668535,0.19513347552781396,-0.057238278419932745,0.3107770673958126,-0.1394403399056734,0.39820029707473376,-0.18938921118977908,0.5073108385335849,-0.24780614394204586,0.6121319335851877,-0.07833192783780889,0.31878188095221566
24.097000,0.09950129965275403,0.012397955389191926,0.05878322075871793,0.10955400317153152,-0.025316873435302464,0.19515291761275455,-0.05734497863780563,0.31079979597020163,-0.1406684180436728,0.3971549026098752,-0.18877349328679247,0.5070908009105215,-0.24944788076632288,0.6106215630248986,-0.081302451453091,0.3166899942585861
24.147000,0.10019158737211417,0.012575000498592483,0.058240918535989526,0.10920574100054742,-0.025346919736674328,0.19530494711128277,-0.057475397533485545,0.3109239806414908,-0.14146541788285447,0.3966309026589591,-0.188357922391337,0.5070894605932446,-0.2505368557485699,0.6097236666190924,-0.08253010458639806,0.3157710472036739
24.197000,0.10099550295775388,0.012686957681060686,0.05732652337163363,0.1085528439972071,-0.02531360163022041,0.19556209453869838,-0.05755663642948676,0.31114923353879936,-0.14233268314833608,0.396078744518544,-0.18734425309998237,0.5073170408488245,-0.25157920112061377,0.6086771485727107,-0.07969457506974283,0.317522138679336
24.247000,0.10157805080074679,0.012985646999489328,0.056649195370855644,0.10826876061703464,-0.02539597425033012,0.19583924724532314,-0.05794332223867622,0.3113410659575309,-0.14324719432320993,0.39574041067894694,-0.1872053833224016,0.5073991658909743,-0.2528647582144283,0.6078424159763864,-0.08310696460388602,0.31541802311267136
24.297000,0.10188469717159167,0.012735137244992456,0.05534886068908827,0.10724297912033598,-0.025343278323045934,0.19606177608849304,-0.05803875577631244,0.3115217507490027,-0.1437336047185423,0.39552408913603954,-0.1856972622163961,0.5079476251381334,-0.25312544529171555,0.607212120935688,-0.08006324925882068,0.3173069512224921
24.347000,0.10169548672560182,0.012257686077663862,0.054211615948080584,0.10629043068599994,-0.025417995681630404,0.19606305983862884,-0.05817729949557916,0.3115049412297968,-0.1439534316405076,0.3954242783947862,-0.18454211343709753,0.5083515066459445,-0.2529787488996875,0.6069234444073003,-0.08175494697764357,0.3162059498674241
24.397000,0.10108522042919886,0.011214071804922343,0.05233793529372542,0.10459952500795106,-0.025350527035376894,0.19605718088813978,-0.05806874602725766,0.3115107132684776,-0.14368318818537995,0.39559500010527965,-0.18197436735381328,0.5093218025382419,-0.2516940100629631,0.6069904844062701,-0.08234266379767939,0.3153557128170771
24.447000,0.10062168063260021,0.010540399515646323,0.05099804406310041,0.10346359592391624,-0.0252974592731445,0.19608646658688839,-0.05810875306869945,0.3115135821055454,-0.1435331569142615,0.3957909291635224,-0.18035513152420354,0.5100018839072397,-0.2509112296580758,0.6070680315339413,-0.08306505780136092,0.31459292568058206
24.497000,0.10014322533323419,0.0096578867802616,0.04910380015152552,0.1018114120842953,-0.025188059973174082,0.19604898165700763,-0.058401256191209006,0.311361095489233,-0.143576973220648,0.3958897724477745,-0.17848228745788305,0.5107010046399428,-0.2503499372529854,0.6068001248891426,-0.0820784845757433,0.3150711104526459
24.547000,0.10038423336200349,0.009402696988902426,0.04821723588935068,0.10092294988510328,-0.024825832618728103,0.19613172124001502,-0.058633628033804605,0.31127091078541275,-0.1437123046072561,0.3958972588838863,-0.17763289510353192,0.5110032688937146,-0.2505142855672275,0.6063358599844123,-0.08301743034696786,0.3141644746846544
24.597000,0.10159747570595005,0.009823432960534706,0.047437650736487674,0.10017887745783759,-0.02406698999699046,0.19654840767062956,-0.05928952862778085,0.31126271703246616,-0.14446457894933584,0.39579206579681087,-0.17747675584735556,0.511161889305468,-0.25214818806560446,0.6050989810760866,-0.08224783672146276,0.31468330652796656
24.647000,0.102699194003338,0.01042611492821484,0.047173697286998974,0.09994947115336877,-0.023268430676509314,0.19709835999548123,-0.059586272601192466,0.3114706221786544,-0.14476954678949078,0.39599168336879303,-0.17731397764054596,0.5114943241125037,-0.25316303865209827,0.6044831403015619,-0.08322352839772411,0.3141588380924195
24.697000,0.10397177460265863,0.010944581763909968,0.04652235122447467,0.09924497391707292,-0.022244888873045765,0.19758655560184893,-0.06019607328628673,0.3114272670250343,-0.14525811542549386,0.39607033505069555,-0.17715442281273616,0.5117536334958186,-0.2546071102587093,0.6034110456275346,-0.07977928411811766,0.31643037566859433
24.747000,0.10486886915763054,0.01124603429859692,0.04616745070263701,0.09871888713243182,-0.021409071728145726,0.19788245713755792,-0.06054109986219382,0.31132268093015164,-0.14542634114779168,0.39614305473197725,-0.17698435178852384,0.5119190970049593,-0.25544087058336956,0.6027187371947291,-0.07886842265220566,0.31692772120387436
24.797000,0.10614162548010621,0.011705875156334457,0.045579867232417005,0.09790118595984118,-0.020251726318477395,0.19823164639210386,-0.06125775631066287,0.31100799809883356,-0.14584454728415192,0.39612600320237934,-0.1770790507421492,0.5119897412472583,-0.25698195648969674,0.6015192093183827,-0.07988111020991155,0.3161591791418813
24.847000,0.10695159089964312,0.011921977545761778,0.04521490497362798,0.0972797024946007,-0.019347825574961258,0.19843134026735376,-0.061638481213850765,0.31073227724310837,-0.1458943718707834,0.3961778440655365,-0.1769668245616442,0.5120851461813786,-0.25772534929628316,0.6008435862458822,-0.08322357203219818,0.3137989072702416
24.897000,0.10765376169769064,0.01218776833647356,0.044283787231317276,0.09633965353458802,-0.01832952460773804,0.1987094399929502,-0.06252196369046742,0.3102756907724927,-0.14616835692225771,0.39631801112659115,-0.17706516767863284,0.512272256637962,-0.2589615122549253,0.5999819410482643,-0.08245963519459802,0.3143027092414675
24.947000,0.10819825369447103,0.012245126196548016,0.043756983129447966,0.09557956557545896,-0.017512192498976314,0.19875944790134709,-0.06305334068250529,0.30978198534089224,-0.14620331761127844,0.39630412896172124,-0.1771006826590293,0.5122582268997773,-0.25968762682480606,0.5993179572770022,-0.0793018487886907,0.31609436173083133
24.997000,0.10878824013684317,0.012423140590925854,0.04285006274673743,0.09457893151962656,-0.016406621794380308,0.19892760346551033,-0.06396851789570489,0.3090995873766793,-0.14629577488651213,0.3964049294587616,-0.17729870712268442,0.5123308462869172,-0.260810256801811,0.5985040501840277,-0.08261028796175901,0.31388169381196024
25.047000,0.10972344399820369,0.012961742760514284,0.04268953909318075,0.09422569290259257,-0.015370256156879342,0.1992450252919105,-0.06453047103996326,0.30871316345377947,-0.1463663921438945,0.39647922760758386,-0.17775517704681673,0.5123012642944601,-0.2619540324140751,0.5978030347721668,-0.08343164215605739,0.31328338376998527
25.097000,0.11070079787604523,0.013541934716907388,0.04218336047422799,0.0935589279850623,-0.014029034854169009,0.19957857999092396,-0.06548615153878673,0.30798598353194434,-0.14645326620737378,0.396554185174768,-0.17843707250175703,0.5122133228808886,-0.26349574239030304,0.5968597798462649,-0.08060145050200443,0.3150182488567893
25.147000,0.11131279195598064,0.013954668761732871,0.04184797034260526,0.0931506083252017,-0.013128032624564509,0.1998166249272748,-0.0661776045404137,0.3074537138861702,-0.1464869156539766,0.3966188110288581,-0.17900058271710195,0.5121301154717925,-0.2645628232738373,0.5962675208923982,-0.08356362165874077,0.313133046459065
25.197000,0.11216493747802092,0.014644702173054948,0.04134775863745438,0.09263370972619431,-0.01185715549675355,0.20019409793659237,-0.06730156962450126,0.3066173892878319,-0.1466003144334086,0.396682416194683,-0.18004856307360478,0.5119265685968919,-0.2662969746080301,0.5953604436584542,-0.08112465168032429,0.3146879738538734
25.247000,0.11262023229849183,0.01509325826883573,0.040965050844309195,0.09231302900825791,-0.01104907899813537,0.20045428060418352,-0.06811441826735243,0.30601728100720893,-0.146646641956944,0.39675145231200404,-0.18082730860414586,0.511780500936918,-0.2674443487477251,0.5948316198743864,-0.08389798511692662,0.3130318767116193
25.297000,0.11357719453210659,0.015939392577552978,0.040697067963566286,0.09200413662586517,-0.00968214952016723,0.20091664484106822,-0.06921733007427254,0.305106674481097,-0.14662900206970952,0.3967987299650422,-0.1820921588672535,0.5114388822239815,-0.26923730475613894,0.5939356915441295,-0.08338636534232678,0.31339548502360554
25.347000,0.11416373052810139,0.016526775344684826,0.04052475633090588,0.09185711634930976,-0.008786624559652373,0.2012572430159013,-0.06999157104670417,0.3044752381791341,-0.14658193776956838,0.3968544334844472,-0.18302246181568496,0.511187666655054,-0.2704409139202717,0.5933948088729788,-0.0841138967169501,0.31300817631584704
25.397000,0.11506787222725898,0.01753011133129223,0.04034116902237732,0.0917815616164321,-0.0075088052725406085,0.2018287331383557,-0.07121277655384944,0.3035233939765245,-0.14659004623295577,0.39689505571456607,-0.18463873004578604,0.5107032173731715,-0.27242687754691264,0.5925154484778202,-0.08372287380638167,0.3133602089007608
25.447000,0.1155651814220929,0.018150691687218997,0.04018638941203978,0.09174006358361166,-0.006710892497009763,0.2021965932663023,-0.07207244646542443,0.30283389878882716,-0.14655943255000373,0.39691731339541825,-0.18577907401533597,0.5103272764645012,-0.27372134311331897,0.5919738153127458,-0.08449725033469202,0.3130333468211661
25.497000,0.11615569968933424,0.018988291356598363,0.039918704833459884,0.09168821196986193,-0.005593588426663507,0.20272258125345127,-0.07332202584124954,0.3017824559019613,-0.14641089023920878,0.3969560756766484,-0.1874019136170395,0.5097378827309694,-0.2754602003235067,0.591259279568374,-0.08316088986542543,0.31389709492945267
25.547000,0.11644012078936403,0.019480092627130453,0.03971097426095188,0.09166039377068828,-0.00490617860024023,0.20305747483909412,-0.07418380245788084,0.3010401816430973,-0.14625886849594869,0.3969838362306112,-0.18851367550060574,0.5092982666703331,-0.2765505642650695,0.5908427711858021,-0.08487543225297939,0.3130279650208459
25.597000,0.11664356130312883,0.019949541211792134,0.039356475149133596,0.09153085801679012,-0.0038721683098435072,0.20347407747855478,-0.07526006237302255,0.29993012229125304,-0.1456750111776843,0.3970987128161139,-0.18972604024435638,0.5087208738641502,-0.27754862756744625,0.590496133894455,-0.08374837953816894,0.31359684087348483
25.647000,0.11664330451585792,0.020186105770682826,0.03905989729567229,0.09144723773317645,-0.0032864265708312246,0.20372719522727747,-0.07604392035612537,0.29915437740344075,-0.14527869941278576,0.3971673631194901,-0.1906029873798381,0.5082786088157935,-0.2781841918665497,0.5903123373706315,-0.08373405916756452,0.3135666842706147
25.697000,0.11658887810922107,0.02023898398204583,0.03874332820705609,0.0912138218356793,-0.002226824416587267,0.20400321226756055,-0.07681258196444739,0.2980083438881896,-0.144132704891888,0.3973461566738267,-0.19124053936671392,0.5077130535727266,-0.27827079508808694,0.5903310575977108,-0.08451334682081788,0.3130943657766318
25.747000,0.11645943336043946,0.020225201821756727,0.038500567813959954,0.09107555490544088,-0.0016397666019591917,0.2041629262294669,-0.0774245740528981,0.29720411581571465,-0.14343098676027016,0.39741965094627263,-0.19182427820190506,0.5072289827147748,-0.27840998527267824,0.590312767721563,-0.08451837795517286,0.3129205441689588
25.797000,0.11622499793665012,0.02019459886644141,0.038176163334779314,0.09094582996543223,-0.000824334532431234,0.204431340785579,-0.07830481488933294,0.2960652600713093,-0.14234075944554672,0.3975512088760257,-0.1926682899487083,0.5064876108427389,-0.27851235344145353,0.5903374573724338,-0.08403791298338564,0.31284455447559445
25.847000,0.11602124133023592,0.020108841059216054,0.037978966853008445,0.09086730844050346,-0.0003565185459016851,0.20457918363052005,-0.07893274651513749,0.2952752496870291,-0.1416258922812704,0.39759616384413776,-0.19332101953932643,0.5058902717991571,-0.27858917414569107,0.5903257016258895,-0.08421453409519719,0.31277736390194405
25.897000,0.11567082654627228,0.01997555993342905,0.0377199726468159,0.0908347280366285,0.0002804373665774851,0.2048447328519943,-0.07982636279828206,0.2941918120843185,-0.14051268394828056,0.3977155795258062,-0.19423996638540078,0.5050159948182082,-0.27856806978829096,0.5903902940918854,-0.08420730716650368,0.3124028209791848
25.947000,0.11537876238058174,0.019845342499079925,0.037547424536547885,0.09083576574535115,0.000583797044411985,0.2050009541462931,-0.08051201684781907,0.293451329889738,-0.1398596418661483,0.3977483068578352,-0.19502029348028882,0.5043189525042955,-0.27865252164786397,0.5903750412588197,-0.0840063154386864,0.31260900503076805
25.997000,0.11498802009421283,0.019685242373775842,0.03741995679420357,0.0909632624825348,0.001075739511569751,0.2053271460739569,-0.08138155850454096,0.29250967875041584,-0.13873492961394746,0.39791646611435316,-0.19600017874727665,0.5033711542116462,-0.2785108060191389,0.5905032171230871,-0.08402939399660432,0.31246196438749635
26.047000,0.11471815906204338,0.01952484999110472,0.037382751633277325,0.09105522182182789,0.0013166033930192417,0.20550710232674405,-0.0820125218538543,0.2918567223930235,-0.13805517955775312,0.3979661966047245,-0.19679090264291874,0.5026089929820325,-0.27849011742073804,0.5905023277958152,-0.08476403349578038,0.31165126844277813
26.097000,0.11425458283533163,0.01925937666942404,0.037352753098354674,0.09125567447636057,0.001615873914579291,0.20581079424935125,-0.08289454242578004,0.291004629296138,-0.13699375204185787,0.3981180062334545,-0.19786743119245864,0.5015317151248282,-0.2782732553136277,0.5906097901343138,-0.08469712045142125,0.3116114561096569
26.147000,0.11387837559027657,0.019019037283150735,0.03733001366255467,0.09139103648361055,0.00168107771456244,0.20597355419803295,-0.08356698027205146,0.29042927401327645,-0.13639586763849143,0.39817484774892453,-0.19873743659984433,0.5007103478424865,-0.2782129260790296,0.5906194495621891,-0.08363939405681355,0.31234181030873104
26.197000,0.11323743873916452,0.018575613503635378,0.03731506777260943,0.0916040337248957,0.0017358976638032209,0.2062082337106218,-0.08447775790052219,0.28967802222260736,-0.13541585995846683,0.39833026453142634,-0.1998565274680631,0.49955970872093897,-0.277849222050287,0.590758061731308,-0.08396749816642382,0.3120072952549259
26.247000,0.1127489135966326,0.01822321787286,0.03730700121024021,0.09174786254685927,0.0016351720635083278,0.20632325521616418,-0.0851696162308914,0.2891781206687354,-0.13489112652418167,0.3983924577044651,-0.20076149118353886,0.4986974678467471,-0.2777045178031499,0.5907831380382246,-0.0857084470010404,0.3106972067467914
26.297000,0.11193460135495312,0.017657340634658566,0.03730370115462113,0.09200504402647121,0.0014322953422890167,0.20651810985322966,-0.08612462967259815,0.28857775207724407,-0.1340516991283186,0.39859136947702534,-0.20195480391768958,0.49753159567427807,-0.277246687216941,0.590972123868691,-0.08414340567287162,0.31174333766212536
26.347000,0.1117280815387948,0.01749827708736955,0.03765507822593074,0.092402473756507,0.0014437831043904864,0.2068085142407266,-0.08660437918875655,0.28834084595905546,-0.1334578704527297,0.3988159578752516,-0.2027879114570423,0.49676158265875886,-0.2769781829270448,0.5910791505833296,-0.0835723404825317,0.3120844182295604
26.397000,0.1114600723688901,0.017328669852389966,0.038258434751609074,0.09308401970102921,0.0013967019666203812,0.20728214865280006,-0.08731894606964644,0.2880876793639002,-0.1326897863945372,0.3991799241346778,-0.2041102116661303,0.49561188384732635,-0.27665598551548404,0.5912001189842697,-0.08409353223640918,0.3118204161199705
26.447000,0.11127823108535566,0.017107241972692155,0.03871412143925308,0.09347352147723018,0.0012753048840447173,0.20748376231087387,-0.08782576440772914,0.28786410475268287,-0.13228629895386812,0.3993237874539699,-0.20510192063578403,0.4947066225925633,-0.2765093653572735,0.5911481947404055,-0.08347127944825829,0.3121528811135152
26.497000,0.11098967516664074,0.01674542858603583,0.039468403772067326,0.09408924687016149,0.0011314495538457259,0.20780062686913073,-0.08841313097648718,0.28768659621072873,-0.1315502406070379,0.39966511992274184,-0.20631624225915277,0.4935269598629216,-0.275954180683762,0.5912539138314676,-0.08595147083571167,0.31055945351301845
26.547000,0.1108025567022093,0.016490956802258934,0.0400256673460571,0.09451653184920894,0.0009390449848812321,0.20797240852553991,-0.08884622002801852,0.28758777253628426,-0.1312029594321253,0.39986380126482707,-0.2072667750988983,0.49267703279035474,-0.27570180710968695,0.5912500838422641,-0.08674683904850715,0.3100584416075692
26.597000,0.11041935746294418,0.016009594102808493,0.040845155676570696,0.09510946007243493,0.0006206147162708536,0.20816690699448936,-0.08939077355446484,0.28752653137348233,-0.13061862707729924,0.4002219797904424,-0.20847557213219176,0.49153625089151093,-0.2750494587286364,0.5913757101420687,-0.08615307519512258,0.3104142171644199
26.647000,0.11013374135182552,0.01565530851199333,0.0414092650156397,0.09549455139827105,0.00028413846440503154,0.20822752779003023,-0.08981801857404617,0.28748408144345544,-0.13040391612885907,0.4004123105080708,-0.2094395957585541,0.49070827578599574,-0.27475791514973186,0.591373647945006,-0.08706759145607318,0.3098524449539941
26.697000,0.11013713589740277,0.015367725705431457,0.0426259930437274,0.09623550216224204,6.35972838333998e-05,0.2084337306115431,-0.09014587271072667,0.2875681196170673,-0.12997046862193223,0.40076706643411536,-0.21068082212837724,0.48956931210874366,-0.2742515971178516,0.5913472889369228,-0.08400698218166065,0.3116492803881562
26.747000,0.10958164466155652,0.014807312432985345,0.043032442196052026,0.09646882748295273,-0.0005762604261411591,0.20826453873983664,-0.09072228644034981,0.2874711924610851,-0.13004671441169435,0.40084486385153234,-0.21181577387411193,0.4886732243878002,-0.27407768650033526,0.5912571131616133,-0.08335663879812823,0.3120299756796707
26.797000,0.1094669801476454,0.014571273035546076,0.04429228598510414,0.09733392711970278,-0.0010435046814979837,0.20844047996196102,-0.09109796393324586,0.28775122556903854,-0.12990849102838098,0.4013018441778996,-0.2132421938448396,0.4876470465620852,-0.2736866852247217,0.5913121972236389,-0.08431510982870091,0.3115892786026108
26.847000,0.10929950363255518,0.01412001491673251,0.045114103347720744,0.09765211418875717,-0.001434547784866777,0.20825601591786136,-0.09132395952925877,0.2877537747304213,-0.12986567547602412,0.4013959153818689,-0.21415705674850222,0.48680647118821285,-0.2733559128978317,0.591187961073042,-0.08344947789770281,0.3119778453425027
26.897000,0.10901778323372736,0.01347074145554782,0.04635641872048489,0.09815197777485253,-0.00200311411198055,0.20797618086427036,-0.09154185753305046,0.28786869256953473,-0.1297572104621149,0.4016209971638025,-0.21534633303580786,0.4857310565922996,-0.2726874535101557,0.5911445087829302,-0.08699373793097738,0.30973666123766763
26.947000,0.10886401557512317,0.013030645642302784,0.04724053390782237,0.09847012658988373,-0.002440952964520751,0.20770267605273016,-0.09168405656571928,0.28792529418269247,-0.12982401770539448,0.40170289902768846,-0.21623755317443916,0.4849657412067794,-0.27237436782419067,0.5910254321406088,-0.08798648614232062,0.3090186974389731
26.997000,0.10862409179987766,0.012367700977969034,0.048590791843150606,0.09893190451252415,-0.0030472059576336363,0.2072532652089546,-0.09174546243189798,0.28807788582931776,-0.12984338301180198,0.40186957466240997,-0.21735689665190122,0.4839755119042696,-0.2717067014896178,0.5909619536345284,-0.08714693730911542,0.3093368346515264
27.047000,0.10857465703773736,0.012049549727119255,0.049587742350363326,0.09933008958497999,-0.0034906672826074125,0.20695296090332038,-0.09178846930825058,0.2882148717665939,-0.130040507400802,0.4019548453096668,-0.2182675773688638,0.4832935453519147,-0.27150810423795513,0.5908363103278632,-0.08815227511594112,0.3086523067727408
27.097000,0.1084678600636858,0.011649410357112786,0.05108324571273298,0.09999171969369713,-0.004096236006598433,0.2065526168238621,-0.09168454861299125,0.28857875591841975,-0.13021726755226362,0.4022239475067289,-0.21936985160653155,0.4825471493629846,-0.2709626359979035,0.5908900522165845,-0.08458882905664758,0.3107527223304389
27.147000,0.1083002429436628,0.011345688757729424,0.052014881533496315,0.10039239669487503,-0.0046181617493554344,0.20618794673608662,-0.09164403923644876,0.2888105625721827,-0.13047539595277952,0.4023540596804158,-0.22016921862372668,0.4820724275429719,-0.2706913863440333,0.5909186978917567,-0.08828458186588928,0.3085252315378651
27.197000,0.1080376277295455,0.010902860525941095,0.05340339338455677,0.10097205012197728,-0.005360728395490205,0.2055989013190757,-0.09145806476955201,0.28918866546093064,-0.13080795119865882,0.40255350321063055,-0.22119425873797333,0.4814858502516716,-0.2701638360302717,0.5910394010832781,-0.08746395069711782,0.3090055050331154
27.247000,0.107858870906576,0.01063281671431517,0.0543185855602241,0.10135655357086612,-0.005934709680749398,0.20513294979179908,-0.09134795213395522,0.289421608658989,-0.13118791965693552,0.4026151464063689,-0.22198013931148433,0.4810802523465231,-0.26998832369606607,0.5910584967046498,-0.0884873566289528,0.30837230936356164
27.297000,0.10759026514019526,0.01028387726316583,0.055669713643048756,0.10194420119561697,-0.0067640159748257045,0.20442361086410665,-0.09108189758431898,0.2898080054622259,-0.1317321632848705,0.4027130801864137,-0.22302807255205842,0.48059155571770007,-0.2696709672876288,0.5911557468949812,-0.08510986278415905,0.3104469264028923
27.347000,0.10741197351559466,0.010092663257069786,0.05655151097215224,0.10234542483002426,-0.007387916467865491,0.2038922101983594,-0.0909125890934551,0.2900526945446537,-0.1322448066779699,0.40270990820426045,-0.22381763136204152,0.4802625856524321,-0.26963778562871676,0.5911702655622472,-0.08879037953568518,0.3082238742185824
27.397000,0.1071330259169104,0.009798580769498815,0.05784073324327576,0.1028960636091045,-0.008272435349974544,0.20304120290445424,-0.09053123838036373,0.29041104506689686,-0.1329327552282159,0.4026701709171774,-0.2248083683613639,0.47986389935702417,-0.26946221282070526,0.5912462774269792,-0.08560253270112106,0.31025465775223526
27.447000,0.10664263336617472,0.009370592300429222,0.058436468680761425,0.1030329130934531,-0.009061608547108552,0.20224989535888951,-0.09032768570556898,0.29054386249893926,-0.13346571963554898,0.40252202912224583,-0.22540384512288905,0.4796412927093959,-0.26926724842831473,0.5913373160671592,-0.0891471972620925,0.30794525075161266
27.497000,0.1062427637792218,0.009098146192225164,0.059577574570438885,0.10354315431681417,-0.009943252331179403,0.20135345350293615,-0.08976994033404513,0.2909508858440751,-0.13411474317663274,0.40245666352940007,-0.22611296807354958,0.4795042242505845,-0.26898645488000256,0.5915839464355265,-0.08847448512861004,0.308407461116374
27.547000,0.10612701097199295,0.008999339248634804,0.060452991404889765,0.1039268982768224,-0.010491939056022137,0.20070921505988124,-0.08926840713767403,0.29123141165596717,-0.1345874593420024,0.4023447929711861,-0.2265619844375693,0.47942064349159674,-0.2688713139137058,0.5917145464395288,-0.08543870562125308,0.31033529253095216
27.597000,0.1059498628895127,0.008807721628164816,0.0617239043103941,0.10441851100495925,-0.011236964515282888,0.19969028867391192,-0.08838005674460415,0.29160842247404095,-0.13517027188822156,0.4021103490039164,-0.22700326470483945,0.4793547755364693,-0.2685431349995517,0.5919355872936176,-0.08631913987668761,0.3097171440556553
27.647000,0.10578150308184615,0.008661032244653182,0.06249096065234136,0.10469898057760184,-0.01178398224238024,0.19894988432916177,-0.08776194119539406,0.2918334122193864,-0.13561306190290467,0.401880085258762,-0.22725989311956646,0.4793452924678352,-0.26837111092784144,0.5920833418137438,-0.08570706820339304,0.31001999254680884
27.697000,0.10553933161409215,0.008420336519786596,0.0635828167843199,0.10504854013324949,-0.012561579503693215,0.19779567439589932,-0.08675905063250883,0.29210757861847647,-0.13622416205863222,0.4014382822273034,-0.2275056518086576,0.47933365839955067,-0.26807438199834777,0.5922680558646105,-0.08842596327661073,0.30802818407469174
27.747000,0.10539189217516813,0.0082666531894919,0.06424123027445652,0.10524078350849245,-0.013093434335267079,0.19699779768017062,-0.08609378959310769,0.29223932293165455,-0.13668962908406385,0.4010513674221676,-0.2276640262362627,0.4793051792321609,-0.26798846824641365,0.5923270327675281,-0.0860725433464201,0.30947881747275585
27.797000,0.10551547745818447,0.008394933406531658,0.06546176089704203,0.10582741725733674,-0.013689270965606806,0.19602228493266372,-0.08487611216564632,0.29262680677225555,-0.1373325596063047,0.40055419496364303,-0.22780083985655897,0.4793925756449458,-0.2679421455300157,0.5924796022162973,-0.0882860327034067,0.3078251138998265
27.847000,0.1055454431148321,0.008418785389090144,0.06618251505715979,0.10613223209398773,-0.014125192568277295,0.19529877344189076,-0.0840305124241845,0.2928346450781422,-0.1377812582620644,0.40012330860729434,-0.22780885304325127,0.4794645474299545,-0.26791421412907546,0.5925643264402407,-0.08718263723564326,0.30852515740277614
27.897000,0.10558097588509874,0.008424754937601957,0.06714963141635616,0.10650834168253073,-0.014795019817158958,0.19417289628824097,-0.08279428566652522,0.29304705794813685,-0.1384935070046436,0.39933721150116963,-0.22779930413815874,0.4794900317781095,-0.26796960767775296,0.5925667610973502,-0.08811148555787973,0.30753243720872714
27.947000,0.10552908802703193,0.008420734840785253,0.06766070892994627,0.10672304666049884,-0.015311630402522938,0.19341555444345299,-0.08198864668161465,0.2931861688553013,-0.1390270938067861,0.39876370221135676,-0.22775251580366945,0.4795585008773287,-0.26806093026695754,0.5925860715114695,-0.08851164018047944,0.3070724314051968
27.997000,0.10543526326128824,0.008431319938565744,0.06830962996767259,0.1070165431643012,-0.01610328517445682,0.19230698669232857,-0.08081901465323682,0.2933608058088239,-0.1398548021579895,0.3978346101508391,-0.22764787465379463,0.4796415561991196,-0.26827090298833123,0.5925564337349493,-0.08812251886367986,0.30715266438008604
28.047000,0.10538580146717784,0.008449129749473802,0.06868146110452317,0.1071919794529103,-0.016630193094766432,0.19158345803801863,-0.08000581958140172,0.2934830653357236,-0.14041052464091625,0.39717140415293606,-0.2274883591744839,0.4797392594777812,-0.2684266066136302,0.592540234192591,-0.08689469232816642,0.30799423217054245
28.097000,0.1053445754873574,0.00857613163393874,0.0691245079596284,0.10749771704886886,-0.01747289127259162,0.19056931536145197,-0.07892069254024953,0.2936429187687655,-0.1413985178718436,0.39609545090844983,-0.22738404873292986,0.47980022068012734,-0.26894568296303256,0.5923729996282514,-0.08736976665999391,0.30748800907236185
28.147000,0.10534869261795213,0.008782426637340414,0.06930360990064768,0.10776790921834536,-0.018138819712099075,0.18994954648249243,-0.07835289803318923,0.2937487024132461,-0.142304534402663,0.3952877993447429,-0.2275263034291187,0.47977004649761407,-0.26968391101822486,0.5921209971938268,-0.0877231053408983,0.3072943999496325
28.197000,0.10561419610785207,0.009210216281830974,0.0697516844790394,0.10826147186086814,-0.018837312370997658,0.18920583322556953,-0.07722761308348368,0.2940417659136414,-0.1433204527999818,0.3942003229030053,-0.22732688605979634,0.47989115771495744,-0.2704397330273881,0.5918790250299246,-0.08819057371366462,0.30685613436487935
28.247000,0.10584324082020323,0.00964676115682127,0.06997813996976503,0.10869742302780754,-0.01933444925321577,0.18884267495372176,-0.07654824353740629,0.29432528841963296,-0.1441163676291941,0.3934945810797923,-0.22725802587713245,0.48002471839492095,-0.27115373809614773,0.5917080495090937,-0.08882111908643907,0.3063090773363705
28.297000,0.10583977216409908,0.009835386953519494,0.06997018104838688,0.10888447106332344,-0.020248762303851683,0.1880080595840684,-0.07565620785845036,0.2944506026630074,-0.14527791199858714,0.39218912276958173,-0.2269922860994803,0.4800683641482922,-0.27202526783288755,0.5912979939966028,-0.08900786379338561,0.3061186266390504
28.347000,0.10582805761120721,0.009948875323695268,0.06987787064289151,0.10896875063859743,-0.020859466662817558,0.1874973162607141,-0.07506081502045188,0.2945590453529209,-0.14603424666874615,0.3913204632841649,-0.22669981181267185,0.48016339547356535,-0.2725730811549029,0.5910491166456452,-0.0892607324098398,0.30607338365293946
28.397000,0.10587428161370549,0.010140315724428058,0.06967646132168066,0.1090699527181602,-0.021770244917350495,0.18677130353030272,-0.07427432501585526,0.29467552760429105,-0.14723632440439027,0.38994643945689905,-0.2263222686610306,0.4801983835968203,-0.2735540947237342,0.5905122748652455,-0.08957451155451714,0.3057319830517106
28.447000,0.10592048055884087,0.010240749765538784,0.06948503726898718,0.10908312519747719,-0.02234051907626139,0.18633639180728048,-0.07371881108961456,0.294781175498293,-0.14796983715511017,0.3890509221205317,-0.22590453715174455,0.4802988401046403,-0.27410930630908004,0.5901910610781368,-0.08950476160364682,0.30544922946823455
28.497000,0.10601951479743557,0.010303481869248876,0.06909667591583762,0.10896557244555631,-0.023242783842032155,0.18560384075464462,-0.07307102106870744,0.29476952571965137,-0.14921816463898294,0.3875144044240543,-0.22544282502729776,0.4801955845443386,-0.2752042360547239,0.5893917473503169,-0.09037611480859692,0.3048775319260693
28.547000,0.10609451024778813,0.010362172966338914,0.06877747393219397,0.10887553035082001,-0.0238037815981631,0.18522152647146373,-0.07261271673179467,0.2948467418679972,-0.1499704405771771,0.38658431629294815,-0.22495879629337304,0.4802686079694915,-0.27580991797128995,0.5889615857729549,-0.08993231770262108,0.3048185659393047
28.597000,0.1062288996113229,0.010515599798440014,0.0682046242039557,0.10875792344524333,-0.02468252331985074,0.18473145715725078,-0.07210286040569983,0.29496444509894465,-0.15122288018825578,0.3851865181718633,-0.22437879042390216,0.4803086123329377,-0.276936251061943,0.5881868461487312,-0.0905416695425307,0.30434028610446884
28.647000,0.10633218072437063,0.010635343636666478,0.06775853029903245,0.10866318844611784,-0.0252399521747992,0.184500397370742,-0.07177726042289732,0.29510907217055105,-0.15202096255903713,0.38433321838372003,-0.2238807630370267,0.48043820823993083,-0.2776318286827389,0.5877267115472552,-0.0904339561120527,0.30435918922546007
28.697000,0.10651853856612185,0.010828572014607008,0.06700973912410743,0.10848320655045036,-0.026106518132696085,0.18417575991243598,-0.07147382967672568,0.29526944579623604,-0.1533473615433804,0.38300042538539114,-0.2233042869440492,0.48049928993511426,-0.2789054374450075,0.5868407779017749,-0.09213791791873559,0.3032592301892356
28.747000,0.10665822467295964,0.010925235613533271,0.06646537045939904,0.10830029768753185,-0.026624311750192628,0.18402553169908165,-0.0712517894501425,0.2954184768712548,-0.15413970038920866,0.38219171133991703,-0.22275138600319716,0.48064188450993844,-0.2796152454920483,0.5863135528228292,-0.09312773259407066,0.3025304802481182
28.797000,0.10686747191957859,0.011021659027010062,0.06556147734330069,0.10792975397079817,-0.027433287738790182,0.18377152127168686,-0.07109761433053834,0.2955455190676202,-0.15543667708763365,0.38090899189559885,-0.222074368330213,0.480705876144851,-0.280861236097892,0.5853199487071249,-0.09308373268048066,0.30249736053215204
28.847000,0.10770791996334253,0.011429116349080814,0.06543821024550409,0.10792074365916833,-0.02751832448731814,0.18380936367652276,-0.07078669377454261,0.29573723428607296,-0.1561611988514692,0.3800651293229999,-0.2215936187281656,0.48065637361796765,-0.28186001127372573,0.5844251643472786,-0.09397160044740185,0.30168533753544785
28.897000,0.10904986498857042,0.011977075696371697,0.06524854813870568,0.10778316283536322,-0.02760944880048949,0.18379232283460153,-0.0704487848547676,0.295885102648492,-0.15730874986595125,0.37868212238833876,-0.22101009336012625,0.48037842928780566,-0.28351510454153317,0.5828143779443915,-0.09361455884601516,0.3017209543439283
28.947000,0.10991674201766027,0.012248768889307078,0.06506690587978464,0.10756853030284909,-0.02760307462915701,0.18380680620255913,-0.07019629919942585,0.2959933348977533,-0.15794278567188108,0.3778502473212817,-0.22042337113261512,0.4803010962219867,-0.28440131863304596,0.5818236170418467,-0.09441089784604612,0.3007440745771889
28.997000,0.1112885546555705,0.012684202329198084,0.06475152737534949,0.10719169359648967,-0.0276369475880425,0.18377086631243544,-0.07008082787128633,0.2960139820322545,-0.15912973185890497,0.3764521116632926,-0.219920995605873,0.4799142895450944,-0.2861597873665366,0.5799763825977702,-0.09399736304224522,0.3007760515951603
29.047000,0.11214951377703733,0.01292824391311971,0.06446189786994322,0.1068604050642133,-0.027621703579160967,0.18380590749371079,-0.0700218629065848,0.29606554622912035,-0.15983791257635385,0.3756461796878187,-0.21945871435324885,0.47978723785163807,-0.2871794494167528,0.5788523782515582,-0.09363229060522528,0.3008096136124602
29.097000,0.11335358664175987,0.013253087151705752,0.06391250708430057,0.10627426418297489,-0.027661373435009046,0.1838256949023455,-0.07012932654603393,0.2960597047146858,-0.16101028032165515,0.374422018621437,-0.2189543551807655,0.4795052436800626,-0.28885830236592314,0.5770420991139629,-0.09453656200538466,0.2997875000218573
29.147000,0.11409556800928192,0.013419409329602065,0.06346971401970114,0.10580113060508596,-0.02764584326897107,0.18389053590418566,-0.07021963090511615,0.2960844421839385,-0.16170734279498358,0.3737375076298614,-0.2185033218361159,0.4794456755487081,-0.28982492124470094,0.5759507503261547,-0.09413828422546039,0.29988890490864345
29.197000,0.11488320407147418,0.013482577488378049,0.06258845559389917,0.10492986929962439,-0.027686414188487718,0.18398964343139487,-0.07039915217539663,0.2961307242789187,-0.16261398638778668,0.37291890273872574,-0.21763835912799873,0.47955997552279006,-0.2909086061936761,0.5745940267619432,-0.09302486894207224,0.3004459618656626
29.247000,0.11529717736721844,0.01337381161767579,0.06191333173928155,0.10418968008403007,-0.027653400731374414,0.18405081227315997,-0.07048538628371089,0.29614640100725925,-0.1630561475413717,0.37250512127008756,-0.21684668767663218,0.47977383894656944,-0.29133780044922786,0.5738539862567231,-0.09231751737125828,0.30080736010109277
29.297000,0.11582314538497603,0.013195523052963436,0.060793479417081304,0.1030236611927345,-0.027672641979069615,0.18410229811468454,-0.07081922696344257,0.2960771712076521,-0.1638580855323944,0.3718648403642272,-0.21591189558472695,0.47998699747846335,-0.2921878801292049,0.5726259427540361,-0.0954156847190963,0.2981565904431033
29.347000,0.11614456711582749,0.013076920872590289,0.06000431122577533,0.10221518495265756,-0.02762075993385185,0.1842020552690088,-0.07106340642985748,0.29606239884716434,-0.16432339396299284,0.3715777928097156,-0.2152370465787159,0.4802414940964169,-0.29266368987096775,0.5719209078625094,-0.09260850751502978,0.3002299898259988
29.397000,0.11661065698070033,0.0129311806679337,0.058784141065654716,0.10098487125520539,-0.027567436084128927,0.18431196843100345,-0.07160966409216579,0.2959376023691273,-0.165157891042019,0.3710956307795279,-0.21451473973154966,0.4804752517673459,-0.29363493237804206,0.5706971732475601,-0.09590238798158252,0.29746767591532897
29.447000,0.1169165182157847,0.01283878566318035,0.05795939182551118,0.10013950475551288,-0.02744197945724418,0.1844401914847733,-0.07197546483203886,0.29587074690101833,-0.16562665289417222,0.37090044085315177,-0.2139843440590588,0.48072545487637597,-0.29418880013010357,0.569984881416926,-0.09707019206784674,0.29639483237013564
29.497000,0.11734769705059404,0.01264524155079648,0.05670877493777102,0.09878628490268056,-0.027243406431906522,0.18453027153307183,-0.07263220411026668,0.29561518070309745,-0.1663799023387224,0.37052425276293743,-0.21337660570410705,0.48093851756955575,-0.29514633430055104,0.5687662551315803,-0.09417561786203209,0.298608286033275
29.547000,0.11783665655366724,0.012680457609656658,0.056027183713606904,0.09798452270675936,-0.026910708534914257,0.1847099862641439,-0.07302199847209753,0.29549693909631464,-0.1667858384969704,0.3703858054169533,-0.2129916703248206,0.4811333610681385,-0.2958012620753082,0.5679813403998577,-0.09755698841579105,0.295739327274122
29.597000,0.11908443789963044,0.013325279146300772,0.05544885066565064,0.09727629151959293,-0.026083478920280928,0.18532445571731132,-0.07354484650193588,0.2955397838378111,-0.1673878393678935,0.37032943972605814,-0.21271574475566177,0.4814392095576983,-0.2971421192747613,0.5667163299597312,-0.09667551389462857,0.2964659925685001
29.647000,0.1198699607282283,0.01369683175842262,0.05502965492389546,0.09672010122435942,-0.025463390842380015,0.18571936850014215,-0.07389049658438841,0.2955137919898621,-0.16768243712365194,0.37036746173117735,-0.2124749571333765,0.48169414384804754,-0.2979019941756801,0.5659688217284067,-0.09358493387339635,0.2989999462535837
29.697000,0.1203502720859443,0.013684934922627488,0.053890036869488206,0.09541785813891297,-0.024897878147751004,0.18593009181190134,-0.07468573879652242,0.29511419745906114,-0.16822897969424877,0.37027843140776107,-0.21218846404887126,0.4819366766251522,-0.29890899829104495,0.564879722940174,-0.09707398716741442,0.29609436605044126
29.747000,0.12048487445259101,0.013553584141705679,0.053005891426759696,0.09444845195219932,-0.02451240345370509,0.18605038402086255,-0.07522620250360376,0.2948075014243934,-0.16846961070393443,0.37034336593155603,-0.21189156276876428,0.4822117443003504,-0.29936368489338605,0.5643617768674478,-0.09637929459997324,0.2965818377535467
29.797000,0.12165330035311814,0.014075400770262283,0.05250432553885699,0.09354726680270702,-0.0233463610454831,0.18653475706179623,-0.07579206911439768,0.29446736429960085,-0.168725437009372,0.37038435272575854,-0.21177027898982279,0.482398376753458,-0.30050143464054324,0.5631868785150799,-0.09484807429774181,0.29766553672635104
29.847000,0.12227893741606816,0.014307537542358946,0.05211899950299226,0.09288833332930199,-0.022548439903727874,0.186828598883769,-0.07612853760499705,0.294202586098189,-0.16874306960566993,0.3705082114628786,-0.2115773384167829,0.48260292773183266,-0.30101969907780696,0.5626033284769746,-0.09401560709129986,0.298192672973303
29.897000,0.12294002216361467,0.014333853059090183,0.051337103158809794,0.09160166615324249,-0.02150438294128436,0.18696475073981902,-0.0768103997369793,0.2934600299968758,-0.16885522207621556,0.3704519171051829,-0.21146135287778145,0.4826335449007348,-0.3018720721868232,0.561537929024487,-0.09700910452263016,0.2955686767863275
29.947000,0.12292382016914466,0.014217866484504096,0.050428839907642395,0.09064969158138314,-0.02100777070936302,0.18706966183419324,-0.07748652484119753,0.2929476592260627,-0.16897573307952524,0.3705989616999432,-0.21143540660338567,0.48283610405588795,-0.302375815986472,0.5611294111849421,-0.09814021419719571,0.294512260384294
29.997000,0.12361287568483732,0.014478061247776373,0.049707198385586654,0.08954675373467012,-0.019847438833388256,0.18733301269438674,-0.07830412296279037,0.29213194437117107,-0.1690661232945519,0.37063200357992127,-0.211658567326998,0.4828188286145163,-0.303461773900545,0.5600986530372897,-0.09737906381809705,0.2950101159759659
30.047000,0.12425494350099735,0.01483539143752971,0.04940741366710445,0.0889650447288317,-0.018929872965838437,0.1876058844233872,-0.07882361208318366,0.2915902102352296,-0.16907141075393217,0.37068088500213264,-0.2119396814904987,0.4827626023518253,-0.3042959872847436,0.5593805687829432,-0.09811478861903784,0.29421677870309576
30.097000,0.12515386551300356,0.015451508473229292,0.048953947045991306,0.08819029425574235,-0.017630580981055854,0.18802265688137274,-0.07970495077287199,0.29072013793591905,-0.16916049647116765,0.3707057950490546,-0.21259720130364673,0.48256844597998866,-0.3057220578685733,0.5582504193274239,-0.09545312623189117,0.29619645285156826
30.147000,0.1257160161702672,0.015919587677476397,0.04865478165104489,0.08774524179914345,-0.01675994403513234,0.1883479935676819,-0.0803429083642459,0.2901183558895419,-0.16920159506652496,0.370766566021858,-0.21314904208457644,0.48242954959562595,-0.3067240970794838,0.5575541732732193,-0.09684772564581617,0.2950968548785691
30.197000,0.12649750919908964,0.01669688772679139,0.0482088113898345,0.08718261691342849,-0.015531879364931361,0.18885426656123003,-0.0813800526544119,0.2891738462774476,-0.1693236215541426,0.37081898507442884,-0.21417567430086953,0.4821216955733415,-0.30836517694725357,0.5564744869885052,-0.09766243390316631,0.2944798678341156
30.247000,0.12694059008096026,0.01720393465270444,0.04789009568768368,0.08683422588316701,-0.014729715487385497,0.1892000368182574,-0.0821117215612076,0.2884958839492799,-0.1693647913397779,0.37087853876336013,-0.21493119086457718,0.48189071482682794,-0.3094543044604241,0.5558189299827928,-0.09724707375933603,0.2948414542669054
30.297000,0.12782533286852402,0.018080862905474632,0.047675939616028284,0.08644352166890827,-0.013386711779060478,0.18974576077613975,-0.08308255858845165,0.2874314247063522,-0.1693110035157049,0.3708859349822582,-0.21610693261175692,0.4813854418590123,-0.3110953310560748,0.5547148640642082,-0.09975482711056644,0.29290207228775067
30.347000,0.1284577197811301,0.018842717108872902,0.04759838965025702,0.08636403337978417,-0.01249423774164296,0.1902335483162562,-0.08379489192953027,0.28675409904188714,-0.16931057533132168,0.3709388238577612,-0.21709457365011406,0.481014659101784,-0.3123567762049312,0.5539880293432969,-0.09870682471411335,0.2938185639167707
30.397000,0.1292451714043375,0.019884647369974782,0.047446234942499776,0.08626455115524059,-0.011267267395241087,0.19091981687673248,-0.08482489313968061,0.28573160778293244,-0.16924589900904496,0.3710140430671382,-0.2185115327156948,0.4804347784671625,-0.3140830741830513,0.5530025430844725,-0.09702951382409375,0.2951726155818973
30.447000,0.12971304187145732,0.02053483926125939,0.04733787296628947,0.08619829329777685,-0.01043805066279671,0.19137406355312592,-0.0855392813375237,0.2849678942853993,-0.1691196763616042,0.37107432591288386,-0.21950314618285666,0.47998486704077853,-0.31519853483073146,0.5523892356350294,-0.09895567227172763,0.2938374514051702
30.497000,0.13024749418029088,0.021378989941683222,0.047135597169260884,0.08610742452503985,-0.009317619607498218,0.19199904041391092,-0.08654561491620241,0.2838458516846282,-0.16885424825639242,0.37116875176055425,-0.22086495601562903,0.47931164925448677,-0.316648898966403,0.5515988284275796,-0.09757600203166586,0.2948753941905157
30.547000,0.130533919347882,0.021886399692949726,0.04698457707345946,0.08604920106264208,-0.00858533207104234,0.19240701787772985,-0.08726307650665302,0.28301503369600456,-0.16861161370470162,0.37123303353581993,-0.22184289768746235,0.47878037383555305,-0.31759779844784414,0.5511060192206404,-0.09837873200945968,0.29433772004606185
30.597000,0.13093836223445512,0.022560201728840403,0.0468534589160013,0.08601960658219113,-0.0074246937391053425,0.19304241790924612,-0.08811823058786764,0.28185994495676436,-0.16796248744511202,0.37144172126709274,-0.2229852586729065,0.4780836203800187,-0.3185834192792456,0.5506163143095694,-0.09794545394817047,0.2945916445113668
30.647000,0.13095977971829376,0.022696962176638368,0.04664766943844144,0.085854094072244,-0.00671985418564966,0.19333389413826016,-0.08863210163826776,0.28102872703770215,-0.16732930508859034,0.37161984232556333,-0.22351532854307132,0.4776534726905161,-0.3188575458394289,0.5505222698605903,-0.09889949441003879,0.2939046655578757
30.697000,0.13099742976912812,0.02294601954140511,0.046409298489736975,0.08573315255174101,-0.005705530611415738,0.19382591173450972,-0.08936042360634924,0.27985996823541365,-0.16633931969270419,0.37191565549766425,-0.22430264681232512,0.47698826234272473,-0.31920308845480594,0.5504314797016998,-0.09850162003327934,0.2940890182969593
30.747000,0.1311049352864451,0.02311154015780313,0.04639146424841839,0.08572972259476942,-0.004966579025545204,0.1941840972903312,-0.0897525504233499,0.27910370076393864,-0.1655454607068836,0.37213828976576646,-0.2247736641033731,0.47650313021581175,-0.3193063540533615,0.5504190996043387,-0.0977405845800719,0.2942818168776301
30.797000,0.13087767898200733,0.022970493919611472,0.046099069023145214,0.08550009722585644,-0.004138013262120266,0.194478239820865,-0.0904526493077204,0.277843601958357,-0.16438932731776543,0.37236009599425884,-0.22543255298017692,0.47567381531906866,-0.31928731934932475,0.55044869632727,-0.09811798606976851,0.2940023102294007
30.847000,0.13068888893988656,0.022847626162841632,0.045916573886568085,0.08538574569195734,-0.003679640790770433,0.19465703876418664,-0.09099000525702561,0.27697896935846683,-0.16367284609556987,0.3724630237740535,-0.2260116837125345,0.47500018447477155,-0.3193514847274375,0.550416903751717,-0.09800971967428848,0.29385840601702196
30.897000,0.1303712759024227,0.02266929902702887,0.04567768994303471,0.08531398169652933,-0.003059639861539537,0.19497105024899236,-0.09176026303752216,0.27579307353591775,-0.16256963723787948,0.37267461215578934,-0.2268340491073198,0.47401604182339746,-0.31933531169824386,0.5504589382826816,-0.09795422510394325,0.2934694332908624
30.947000,0.13011037605700768,0.022510876760469572,0.04552109168644265,0.08529632036343504,-0.002760395024570844,0.1951548568591213,-0.09235663866657978,0.27498287903956714,-0.16191375153053197,0.3727673770442681,-0.22753308884869164,0.4732367881599181,-0.3194122782372173,0.5504262599634446,-0.09776449149788421,0.29369032278231644
30.997000,0.13019422379474643,0.022872755479963303,0.04577153086645093,0.08586632055798053,-0.002067009351602922,0.19591846283141856,-0.09299966456110464,0.27422077428245006,-0.1608223585522875,0.373216138686221,-0.22856163354180414,0.4722686026523685,-0.31954256001227366,0.5505148216004994,-0.09805282122878592,0.2932973778395102
31.047000,0.13049497071148222,0.02325316441247685,0.04617730494651727,0.08640292961174209,-0.0015310170535695056,0.19651158509318523,-0.09334249610609532,0.27378158130249786,-0.16005759367360392,0.37352673535299064,-0.22929921352996482,0.47153488848152514,-0.319649404870169,0.5505085734961442,-0.09763481327507159,0.29370275380431665
31.097000,0.13058439367391325,0.023450957404234942,0.04657669629639302,0.08700736027359326,-0.0009322497619069503,0.1972021876034681,-0.09385322886484346,0.27313433900611916,-0.1588987590121598,0.3739761903993304,-0.2301811188425457,0.4705102526393366,-0.31949222302287383,0.5506571593538098,-0.0972250175517061,0.2940719646249999
31.147000,0.1307881780982675,0.02383521308193773,0.0469984261507564,0.0876849413162892,-0.0005745028089547966,0.19785216161030264,-0.09426228101425385,0.2728361613253678,-0.15823061033685495,0.3743647427352269,-0.23103049046653293,0.4697595929791599,-0.31959986791407646,0.5507254214362839,-0.09808582739081204,0.29329374435587674
31.197000,0.13052855632479718,0.02407170267376208,0.04718601977171208,0.0885030483547064,-0.0004801648867647501,0.19862995169852438,-0.09512567821845161,0.27240140150230235,-0.15748776155928687,0.37492442604498694,-0.2323495868922215,0.46870985725796466,-0.3197269935372251,0.5509606250839786,-0.09703853598706633,0.29437749148983505
31.247000,0.13053560064909156,0.024158608465929307,0.047560726061078376,0.0890602862321384,-0.0003120821167339194,0.19909752643101658,-0.09556527944498525,0.27208265087418576,-0.15686766358073742,0.3752428064471218,-0.23317250944265613,0.467857980677669,-0.31967350455049415,0.5510299581837746,-0.09651722629132703,0.29507383389685415
31.297000,0.13028714413222997,0.024096605415033407,0.047963738774476336,0.08982182811722116,-0.00022929083081438262,0.1997191978044498,-0.09623599284884032,0.27171026077367466,-0.155942243438285,0.3758023528227486,-0.23424754121237062,0.4667324377258563,-0.3193359405364972,0.5513490099650405,-0.09812886898037068,0.293819221499509
31.347000,0.13027486569691224,0.024094001783350832,0.04839108151472561,0.09037031923318165,-0.00020964692435923582,0.20008799872153304,-0.09670263436028989,0.2714259505628435,-0.15546274369210275,0.37605505526190675,-0.23515158640249426,0.4657751106975675,-0.3192985760149464,0.5513279256058957,-0.09630269310064976,0.29536286285032
31.397000,0.13002594136022244,0.02409808621739935,0.04889378063637834,0.09129227907407327,-0.00036264201777019833,0.20071716114414068,-0.09746225932646665,0.2712271910337714,-0.15484041744908916,0.3766204876118036,-0.23647304602248592,0.46457566910889336,-0.31914506964246653,0.5515546120237003,-0.09683524682738748,0.29504883796357867
31.447000,0.12997530979030741,0.024221355805780793,0.04938188992933479,0.0920598324971509,-0.0004788456062412849,0.20121067789855693,-0.09794849801646824,0.27120829827974724,-0.1545099017959245,0.3770421662166701,-0.23745666918855313,0.46375914136636326,-0.319130976607891,0.551675621661986,-0.09911180079632748,0.29358675732017725
31.497000,0.1297360835011011,0.024013497254899326,0.05003695712806766,0.09290041583070952,-0.0007379693935465614,0.20162900837528652,-0.09862938668451773,0.27103556729276174,-0.15398417622407873,0.3775055033077274,-0.23874567438897049,0.4624495344626181,-0.3188468948204324,0.5518016160577904,-0.09873412106100238,0.2940396731232857
31.547000,0.12951006969484097,0.02375157488739906,0.050471444918299316,0.09339534041909786,-0.0010255914558872092,0.2017837865038891,-0.09912990637452654,0.2708890930609434,-0.15374696156216794,0.3777393494136078,-0.23968644633121594,0.4614913939118204,-0.31869047189538907,0.5518150560644116,-0.09955090011476589,0.29345305877096345
31.597000,0.12918231965453825,0.02334062797241712,0.05119761936792831,0.09416255148022995,-0.001418991664277225,0.20201194760040103,-0.09974097768764648,0.2708072022653878,-0.15331511051562363,0.37818416577120795,-0.24089541331115677,0.4602188569831749,-0.3182186189916646,0.5519855277481639,-0.09908376595609208,0.2939132088708233
31.647000,0.12898372995591115,0.023032188322619336,0.05174594633171699,0.09466795546740475,-0.0017516742967468857,0.20208305955939437,-0.10016673560680173,0.270745099343675,-0.1531510679857244,0.37841431742553844,-0.24180594260420665,0.4592865203532512,-0.31799285258495413,0.5519987350155359,-0.09994031025306427,0.29328056652483697
31.697000,0.12877682264199314,0.02249126218566395,0.05272350793799557,0.09538265000021727,-0.0021119029250296906,0.2021210110282868,-0.10056520884040279,0.2707282012603866,-0.1527270722855208,0.37879827112811487,-0.2428614928556161,0.45801813118359197,-0.31731509640482536,0.5521279655181495,-0.09716568257407315,0.29539114821440543
31.747000,0.12844705414795124,0.022007274430413813,0.05326379422935047,0.09579635381577933,-0.002531351013458638,0.2020361851459404,-0.10091858681341148,0.2707380907199903,-0.1525883521149655,0.3790443017412448,-0.2436385881364446,0.4572098601415746,-0.31688041430950586,0.5522658168073867,-0.09774942235119888,0.2948393540913413
31.797000,0.128069080810355,0.021347982585185513,0.054185952146140956,0.0964387036268997,-0.0030437866904578503,0.20191266720387224,-0.10126364686703465,0.27085364969499637,-0.15230402943194704,0.3794578823361333,-0.24459472840813135,0.4561548632573689,-0.31607448445340575,0.5525428525280716,-0.09945961286253863,0.29355744300617037
31.847000,0.12798850722502625,0.020941919237087877,0.05499543875347421,0.09689821685940829,-0.0034137897710098952,0.20172360511608695,-0.10150197155270993,0.27085180916298757,-0.15230573171703077,0.3795669320905512,-0.2454658907124042,0.4552054459306979,-0.31579768175374606,0.5524342439737966,-0.1003639025538576,0.29276360030644427
31.897000,0.12784326439000465,0.020247342795856726,0.0562377347406529,0.09751316002415578,-0.0039035601205587023,0.2013545036807977,-0.1016912655493713,0.2709071072766931,-0.15219191413508243,0.37976336337813416,-0.24651088639019725,0.45395184949787437,-0.3151111139351987,0.5524100070104646,-0.09715228127572478,0.2950407453742089
31.947000,0.1277247790739112,0.01976120947795004,0.057063362714618523,0.09789137422518882,-0.004337957856650088,0.20099267311179012,-0.10187313923165578,0.27089895604933983,-0.15231007512950287,0.37978474712070237,-0.24736288343803994,0.45303065917496316,-0.3148424795041802,0.5522602118029504,-0.09636337100141662,0.29540137795682375
31.997000,0.12753825155963636,0.019021776863211902,0.05832577084324825,0.09843834288543621,-0.004935499769051027,0.20040898395686138,-0.10200368822972927,0.2709622743759641,-0.152413769468791,0.3798605007594601,-0.24844323292087842,0.4518211994018732,-0.31425862587127296,0.5521622879488148,-0.09729267259304525,0.2945547155385531
32.047000,0.12757507500725437,0.01868744541373428,0.05931330896310456,0.09892038845746527,-0.005321091677935208,0.2000262450987697,-0.10205154289800422,0.27104187565655097,-0.15262782280141832,0.3798630128882977,-0.24929481590373045,0.45096499894607983,-0.31408552869024386,0.5519707588311495,-0.09647608695074675,0.29494315160462864
32.097000,0.1270371862931141,0.017514803281147455,0.06039871406393563,0.09910212737964236,-0.006025952468735329,0.1990409270225679,-0.1020045453179704,0.27106946101293644,-0.15265140698140245,0.37985776646377056,-0.24999923536555263,0.4500247124053056,-0.31305403446665186,0.5521231566082625,-0.09737371553777913,0.2940121554793968
32.147000,0.12627371265538553,0.01641310946925743,0.060842513067299084,0.09897219780115414,-0.00671434609338778,0.19814916478165048,-0.10202958488962727,0.2710532473218407,-0.15270992257607538,0.3798259616006804,-0.25036872374143326,0.4495594438930063,-0.312175001907234,0.5524184929776136,-0.09655667870036458,0.2942027228961924
32.197000,0.12476084957162491,0.014511965005226182,0.061251762485474356,0.09855896139049887,-0.007845714542272605,0.1966687910108561,-0.10199617434801399,0.2710710148881901,-0.15266888672975942,0.3798472816917951,-0.2506122375420736,0.4491805351214784,-0.3104675982077979,0.5531869570355804,-0.09752854168301264,0.2932103858630722
32.247000,0.1234997375879017,0.013084466699389622,0.06134477558736223,0.09813788169760188,-0.008767020592797742,0.1955254375570553,-0.10201293438752157,0.27105820899073035,-0.152730316567707,0.3798136554966339,-0.25075979246736446,0.4490250841388794,-0.3092920785208739,0.5537818094086688,-0.10101924473224683,0.2901978397336632
32.297000,0.12139470569121551,0.010853535915980848,0.06132462184694701,0.0973921189606963,-0.010202056870829576,0.19374529343656705,-0.10196136559142323,0.2710772354986391,-0.15274723167276288,0.3798007187317693,-0.25077024367263695,0.4490213017865651,-0.3073101834044116,0.5548666380801534,-0.09632473801140364,0.2933404792124719
32.347000,0.12108395631893863,0.01029445015222707,0.0620643821717615,0.09755290606847976,-0.010823220191881325,0.1928807478654579,-0.10181963669839166,0.2711089536672146,-0.1532012223335944,0.3795521768653704,-0.2514316739299725,0.4484780673504364,-0.3071240626088642,0.5547718011414341,-0.09730070972028433,0.2924369236806918
32.397000,0.1209793469464024,0.009978848237193002,0.06342668427717371,0.09820948563556986,-0.011521416498259676,0.1919259845876519,-0.10138625598183061,0.2714515189245043,-0.15382291015445243,0.37938852501788795,-0.25233905695226705,0.44790544853570136,-0.3069389969943094,0.5547644515846225,-0.09834851471366379,0.291604385483513
32.447000,0.12062941559092279,0.009577669805508018,0.0640821942928585,0.09845834364674752,-0.012208214363344502,0.1910854106793895,-0.10120982085973453,0.2715758699963781,-0.15440959171588714,0.37913880218422685,-0.25301634179393806,0.4475252689670472,-0.3069126623663669,0.5547408771066701,-0.10163739397318157,0.2890026357567427
32.497000,0.12025846495665175,0.009185295689238905,0.06516088563933742,0.09897149097811686,-0.012982119875074985,0.19004108353882715,-0.10065844973774334,0.27197313576290977,-0.15498130087687406,0.3789732658726377,-0.25362632613025116,0.44730451049735515,-0.3065485453418017,0.5550042723960581,-0.09873014281596251,0.29115277992786104
32.547000,0.11985608585561032,0.008734302179668807,0.06578040328636872,0.09913749825869815,-0.013612623009447503,0.18911942630096357,-0.1002526820595553,0.27214653131944433,-0.15542061103555838,0.3787134097848491,-0.25398475831918427,0.4471612648454413,-0.3062701296610891,0.5551716343127766,-0.09815132883211276,0.2915283369985629
32.597000,0.1194036630447907,0.008346368116270805,0.06678739758875965,0.09960917769731735,-0.014411789201391453,0.18796466459323985,-0.09948277667019216,0.2725987421925255,-0.15598145812809133,0.37846610729386165,-0.25436604950689884,0.44717179977435656,-0.3058259683845592,0.5555778731700887,-0.10106577575350305,0.289199235385073
32.647000,0.1191401750914438,0.00809299359559339,0.06743538229368093,0.09987643088349986,-0.014971299697134191,0.187106808398045,-0.09895643861418534,0.2728185137733545,-0.15645867677198272,0.3781441640270194,-0.25466870061047703,0.44709915804081796,-0.3057016711905523,0.5557068737128276,-0.10177033418513236,0.2885295677637683
32.697000,0.11856945412225706,0.007570095230720621,0.06818580002261238,0.10008424188252014,-0.01590322711475578,0.18569402821030434,-0.09819457236892054,0.27303322042237194,-0.15718483055442045,0.37753273926896513,-0.2550317319444159,0.4470020410386897,-0.3054827707122853,0.555881298416692,-0.10070725669822059,0.2893419721371814
32.747000,0.11820105830556547,0.007237906579374086,0.0686567719224827,0.1002042561911522,-0.01652372854556343,0.18472811282348683,-0.09762414729102149,0.27317426638201275,-0.15768343417979463,0.37706306297904335,-0.25520979342867267,0.44698165315116245,-0.30536974572138453,0.5559953182851715,-0.10012436961771891,0.2896018978051877
32.797000,0.11807754959258455,0.007167916714842008,0.0696316191310677,0.1007089403629062,-0.017158465424191596,0.18357920775411155,-0.09652526646883715,0.2735842681201665,-0.1582845096096973,0.3764715650936944,-0.2553169910343925,0.4470739554564194,-0.3052319021546444,0.5562000367712165,-0.10126995488528114,0.2884190881389972
32.847000,0.11819259384840686,0.0074224796277371176,0.07036651128845073,0.1012837966800876,-0.01751700955151486,0.1829935682159117,-0.09574234793151318,0.27399244971963826,-0.1587752077346602,0.37610444012497585,-0.25545050073798736,0.44719514079995526,-0.3053844560683778,0.5563125092822693,-0.10033269025768003,0.2892168078372059
32.897000,0.1180149506413183,0.0074207406799760975,0.07111510584966795,0.10174869901446712,-0.018227403112234544,0.18186059633546453,-0.09464562420788349,0.27438224507005804,-0.15948307214665186,0.3753580111963172,-0.2554862513752292,0.44735377202966947,-0.30544131140005715,0.5564614801804496,-0.1012215591624739,0.28834129851533896
32.947000,0.11797474097897434,0.007454426996162372,0.07159755693696378,0.10204013851123266,-0.018655380257273202,0.18112494949094807,-0.09388118233843784,0.27461868565141234,-0.15994744877485048,0.3747947728133729,-0.2554521794541589,0.44745044305064746,-0.30553471573124724,0.5564996959581436,-0.10040439311756284,0.2890146215185704
32.997000,0.11799538210771239,0.00763121708607734,0.0722991648631624,0.10254809702074147,-0.01930018445753036,0.18006944378423434,-0.09271495832417347,0.27499189096144133,-0.1607202026434022,0.3738619407494434,-0.2554096438957465,0.44757699833823444,-0.30584022288102697,0.5564657337666957,-0.1011914401589006,0.28809207809901366
33.047000,0.11792514614771518,0.007625896837597833,0.07263885822707622,0.10273904369696357,-0.019780761382020534,0.1792806265869839,-0.09192534578960054,0.2751720179662812,-0.1612323522259663,0.37313394352325235,-0.25527089773528167,0.44767756805608794,-0.306005895328332,0.5564247979942945,-0.10004964285635473,0.28902978610887053
33.097000,0.11788448818702457,0.007784479510260623,0.07305891778810564,0.10311374113239319,-0.02053270214202424,0.17821772684941675,-0.09085516226411139,0.27545327385602664,-0.1621299773086453,0.3719929068565464,-0.25517875442440197,0.44776839807597313,-0.30652012687497304,0.5562306655405574,-0.10051502993813945,0.2884658574930244
33.147000,0.11790804755328407,0.00808832239564462,0.07326108047797483,0.10350266915585324,-0.021071879297915097,0.1776733688825322,-0.09024859213416511,0.27572734586031294,-0.16287007256805233,0.3712580769345821,-0.2552390519166524,0.44786076391407986,-0.30712893387251217,0.5560616888160178,-0.10107597182682418,0.28805521588526534
33.197000,0.11803851699821029,0.008435237508546823,0.07357721407423883,0.10393680387646437,-0.021791736277158927,0.17677060996177443,-0.08922770974014428,0.2760298134801357,-0.16386844154693303,0.3699913010979201,-0.2551230014727738,0.4479182238700986,-0.30793240353419526,0.555673349288405,-0.10116782006303168,0.28796867401780624
33.247000,0.11806287220535525,0.00861905823620731,0.07365432739907098,0.10414517833138587,-0.022328145676446032,0.1761685416401599,-0.08858296724850234,0.2762200214815644,-0.16456202883006174,0.3691026474198183,-0.25497812858848123,0.44800086605924977,-0.30848279333038053,0.555412461573221,-0.10184832694358856,0.2870863352828383
33.297000,0.11806402794979248,0.00893496795669522,0.07361158807570764,0.10444019640846634,-0.023214528779742616,0.17532533633424557,-0.08778214662615408,0.27647385448849354,-0.1657239094800479,0.3677157395832063,-0.2548599289625458,0.44805732290815026,-0.3095006244691718,0.5548954920913722,-0.10182125901866562,0.2872269481101024
33.347000,0.11810232770788266,0.009225964348797898,0.0735236292651206,0.10467503488455616,-0.023811449038432173,0.17485966659426005,-0.0872919300656503,0.2766939855701724,-0.16655307060426805,0.3667921076366017,-0.25477734745279684,0.44813383723684547,-0.31029194116322606,0.5545205369340869,-0.10245306199138617,0.2869064449479872
33.397000,0.11846477208094379,0.009974240233636028,0.07352254127477281,0.10525835144323617,-0.024547712334530722,0.1744119859961494,-0.08662246030681602,0.27710923808481835,-0.16782653300029032,0.3654602345347267,-0.2547835363394914,0.4481553343730829,-0.3117298447373664,0.5537825933008533,-0.10273548425863875,0.2866310442911303
33.447000,0.11851172203430009,0.010227830741123392,0.07327541724576017,0.10536451040416533,-0.025164838492710187,0.17399042424043398,-0.08619408325926463,0.2773124029436386,-0.16864660769822343,0.36449945022487973,-0.2545655096468227,0.44827260993547485,-0.31250149806623573,0.5533602935418455,-0.10313568416301368,0.28643724727103714
33.497000,0.11901272084955668,0.010905435744237257,0.07322995836160494,0.10578045192295545,-0.02572185084875371,0.1736666762525978,-0.085335016068161,0.27781210597708067,-0.1696200412252492,0.36322893414469537,-0.2540135840027971,0.44853854636629703,-0.31352980318048884,0.5527394084297468,-0.10356308083482677,0.2861211778472416
33.547000,0.11939863507343579,0.011430864533748555,0.07315458635832812,0.10608203364210742,-0.026071611069122702,0.1735665633069747,-0.08479712229981626,0.27821509091579166,-0.17027524923319848,0.3624379489530286,-0.25359864561783485,0.4487930971199374,-0.31424933338725525,0.5523377448478427,-0.10353477612880108,0.2861664300068857
33.597000,0.12014678201576776,0.012247142581344917,0.07306127471258457,0.10648121147923709,-0.026567568571233546,0.17336987708056095,-0.08420412037420158,0.27862208794209287,-0.17142188275995315,0.36104212145234554,-0.2532752276387775,0.44879193587374017,-0.3157049815853443,0.5512737675222437,-0.10341786574363432,0.28623838797977674
33.647000,0.12045792245589192,0.012610579826695398,0.0727711594190076,0.1065443675828199,-0.02700627206159527,0.1732111821465358,-0.08386424394742407,0.27888601845667566,-0.17218415031694673,0.36012390456006016,-0.2528863932268026,0.448933521096257,-0.3165437194182582,0.5506573866342196,-0.10412142309149505,0.2857627677793431
33.697000,0.12123400818011652,0.013317020340091574,0.07249679028588644,0.10670890869755711,-0.027487095133019654,0.17306569174600617,-0.08337607346152105,0.2792561908567815,-0.1733152180054423,0.3586976805124244,-0.25237464465782883,0.44897285460472863,-0.3179568728595828,0.5494664929312053,-0.10473119372254786,0.2851787666953541
33.747000,0.12152779061281797,0.013568380574132765,0.07211177505850713,0.10660270060880818,-0.027864304115341756,0.17297124430867655,-0.08306534738365605,0.27952097364664363,-0.1739453481847425,0.35788439275487904,-0.25177147091346086,0.4492249347995479,-0.31857521579437886,0.5489107395556108,-0.10552817203002936,0.28448300665417153
33.797000,0.12217170840681559,0.013969453043141374,0.07167796873333296,0.10642328008783454,-0.028287328980191775,0.17280806187491246,-0.08269295274058462,0.27976612890663666,-0.1748891515890566,0.35657668103178863,-0.2510553463807515,0.44930591466847924,-0.31965929655776065,0.5477614783508511,-0.10446057478108761,0.2852996866004952
33.847000,0.1228241333050324,0.014402109088083334,0.0714349094864305,0.10636192467727326,-0.02845968700027783,0.1728530487988613,-0.08241949816782528,0.28003671722433243,-0.17553154448710667,0.3557344505270751,-0.25049480848620365,0.449438821025739,-0.3204777127181776,0.5469190401229258,-0.10610946634519779,0.2836767994619862
33.897000,0.1241122154710284,0.0152753099802696,0.07118650921718621,0.10635887834229812,-0.028656062064813456,0.1729280976540585,-0.08225355067735303,0.28029340496702554,-0.1767613911841035,0.3542411438286,-0.25012943320358033,0.4491997159020418,-0.3223028680399501,0.5450693946535555,-0.10445819604916555,0.28496928070850397
33.947000,0.12475261321537506,0.01566069910150212,0.0708802850820058,0.10618765723666931,-0.028780652271315404,0.17302849479767965,-0.08210563970061482,0.2805294050992443,-0.17736941472046813,0.35350072253950154,-0.24958187505962226,0.44934100932833604,-0.3230774729279968,0.5442008907006536,-0.10661728834089182,0.282956866772339
33.997000,0.1259592129790744,0.016182181354539058,0.07049581274795902,0.10574316305507962,-0.02889678825655409,0.17298236936774858,-0.08204392780810599,0.28057131655791245,-0.1784594280342279,0.35201396009905445,-0.24904296823666747,0.44906015452465053,-0.3246435721184787,0.5422510805459401,-0.1063423291407081,0.2829580721452281
34.047000,0.12685645767429668,0.016585600881946976,0.0702511081907133,0.10542860497274548,-0.028902385158980082,0.17301991176086196,-0.08205423384820232,0.2806065325719789,-0.17918939560726213,0.35106758810978855,-0.24870705755742742,0.4488801367754304,-0.3257409167768819,0.5408898348171803,-0.10596253043286794,0.283048142077607
34.097000,0.12844411516264576,0.01729597438151945,0.07000765683017483,0.10494587865998724,-0.0288256973140964,0.1730044424731251,-0.08224533927185126,0.280458348185088,-0.18046032637335824,0.34940627279769293,-0.24857841266857839,0.4481986121737786,-0.32782095347411677,0.538313093400063,-0.10519043811417583,0.28324689392858193
34.147000,0.12917608326551744,0.01751615272724651,0.06962549939201595,0.10441303526190006,-0.028801348509625485,0.17305817793097447,-0.08231642236073536,0.28046458775174704,-0.18106386946486325,0.348647735892063,-0.24809294666521264,0.448182166164388,-0.32864378496522406,0.5371291304136832,-0.10783525932905724,0.2804621981556846
34.197000,0.13020259003801485,0.01796632226186771,0.06901095780697497,0.1037145629972145,-0.028727715889600908,0.17333605143268063,-0.08245605486748286,0.2806359376098539,-0.18189420737760317,0.3478077606498839,-0.24732512650616587,0.44839998110577994,-0.329738997210522,0.535623566880139,-0.10597766078874965,0.2821376218424629
34.247000,0.13064348741589718,0.018317291202798788,0.0684670776360689,0.10335525973085555,-0.028672828340999434,0.1738097746093191,-0.08251051939790868,0.2810548352025767,-0.18225644429127671,0.34776878027523317,-0.24655983821466096,0.4490854794414149,-0.33006279770660163,0.5352670073698929,-0.10800799964561716,0.2802704210316818
34.297000,0.13135027489692838,0.01845711990153956,0.06756462399039431,0.10229474135061989,-0.028647612350323454,0.17401088721971478,-0.0828649390488333,0.28106452557761663,-0.1830693659461283,0.3470878004902074,-0.2457933063201397,0.44938984007865346,-0.33099946185252793,0.5338878344891156,-0.1076024791909927,0.28062290424975705
34.347000,0.13167524987949716,0.01850626258444738,0.0668506425967269,0.10154339521801216,-0.028608723671789738,0.17425865764456394,-0.083107897486908,0.28116908768235555,-0.18350484566310407,0.3468992390101936,-0.24513717683979755,0.4498626099357779,-0.33139788378529844,0.5332837729396812,-0.10854200889315241,0.27959188495587955
34.397000,0.1321516310588087,0.018374759752751053,0.06573461610597359,0.10014291346654736,-0.02859393269724031,0.17431922285485413,-0.08367749940712405,0.2809297320023703,-0.1843329263097129,0.34626337586110045,-0.2444890583620665,0.4500961248586208,-0.3323037787334836,0.5318798328003737,-0.10800887866005274,0.28001673742010663
34.447000,0.13242424737806535,0.01827972014552407,0.06499824362268047,0.09921902788806922,-0.02845437410944876,0.17449590499189002,-0.08396974842551652,0.2808821972763884,-0.18469205594835264,0.3461126865773093,-0.24385871468513914,0.4505124302202281,-0.33262925053946146,0.5312576589281657,-0.10532347769526043,0.28254273648759193
34.497000,0.13287990658377136,0.018346251392976534,0.06386531334577704,0.09793510963848454,-0.028312557231634367,0.17476765595956784,-0.08467782907597796,0.2807061103685037,-0.18550495185313454,0.3457744690854659,-0.2434064125843468,0.4508811807579658,-0.3336178784192699,0.5300132945353707,-0.10699701405765205,0.28095963040609767
34.547000,0.13315253060223792,0.018325732296839682,0.06313376984145479,0.09703222118017821,-0.028055211182942075,0.1750358732679264,-0.08500369782571623,0.28066195842383196,-0.18577986918923983,0.34580920151157124,-0.2428212946393462,0.4513851257505269,-0.3338912631269606,0.529527693144863,-0.10794574049227457,0.279962467776921
34.597000,0.13360013086999792,0.018289988495382516,0.062062382467893626,0.09561888946796743,-0.027682587711908485,0.17527967233350944,-0.08568410531605275,0.2803312022723695,-0.18638449388603442,0.34559552433318036,-0.24235159709330337,0.45174486886078696,-0.3347041920123769,0.528367308198908,-0.10878970938636545,0.27904175793343117
34.647000,0.13376334406097906,0.01820656767861419,0.06120844265418865,0.09458150022924265,-0.02750246776989604,0.17539223201335188,-0.08630442295920346,0.2799978249073835,-0.18688552063874297,0.3454458408276775,-0.24221880458245965,0.45192695505186486,-0.33538321584322456,0.527560231285459,-0.10833254243229781,0.27947653682831924
34.697000,0.13457288100095996,0.018724385665631425,0.060450314651428555,0.09357871073993627,-0.02679658490244502,0.17596790006619942,-0.0870040932165217,0.2797708669719195,-0.1874373517418292,0.3454455240083509,-0.24208632802163585,0.4522794576867854,-0.33648848952427246,0.5263620595677014,-0.10924875081169697,0.2786131828377436
34.747000,0.13490777336524276,0.01886613563599665,0.059830546462686665,0.09276261224782717,-0.026443444041625797,0.1761700373488772,-0.08757998814789797,0.27942856226860474,-0.18785535309162746,0.3453440474374486,-0.24213968944042782,0.4523637223519504,-0.3372569609524976,0.5255259028832295,-0.10878089859427992,0.2791410108744321
34.797000,0.13556962389706417,0.01923961221117665,0.059028471293202725,0.09161983591253973,-0.02561314528889444,0.17668332244970927,-0.08830488671202283,0.2790050970498486,-0.18823360147820073,0.34544493422013084,-0.24203925736815673,0.4527060706772578,-0.33821205073195015,0.5244751017081616,-0.10973374789083928,0.2782191762477608
34.847000,0.13594630803517532,0.01951716888114782,0.0585016581317719,0.0909286106870205,-0.025017714921027973,0.17709423215016193,-0.08878122648865092,0.27875157066223416,-0.18841098516037136,0.3456388723562684,-0.2419878244107685,0.4530144844309503,-0.33878749080068404,0.5239357404288083,-0.10918466255227202,0.27873727874665877
34.897000,0.13721105253501506,0.020358863410248184,0.058269492181988694,0.09011248987074512,-0.02366969439387534,0.1777821522590627,-0.08931188288666125,0.27823663493580103,-0.18854392373680937,0.3457125718955075,-0.24209530451482233,0.4531008841863256,-0.33990823044661544,0.5226180153163947,-0.10837374674090108,0.2795430461476674
34.947000,0.13775438735644044,0.02084336056725995,0.05787551738336183,0.08952178435634077,-0.023040310115561985,0.17813684436401883,-0.08997180296181212,0.2777369209973842,-0.1889059116603576,0.3456489386085836,-0.2425697485875822,0.45298109877620435,-0.3409975394911561,0.5216248893026739,-0.10720524042444729,0.28059826040661967
34.997000,0.13843487584185737,0.02119700901466878,0.05733590865803122,0.0884303012343664,-0.021857291178708077,0.17858814670340067,-0.09057586624540048,0.2769637404286907,-0.18886937406294962,0.34579967814236906,-0.24261942713212897,0.4530886887401947,-0.3417697224064289,0.5206846867505736,-0.10976680012467727,0.27798423043230364
35.047000,0.13903656304098333,0.021619145064272285,0.05708072091095222,0.08780522989207293,-0.02096518302418804,0.1789580514553512,-0.09105546079420895,0.27636109536118264,-0.1888871130321152,0.3458518704352981,-0.2429042620685104,0.4530066538561968,-0.3425453948660191,0.5198770109273921,-0.11057875909634726,0.27694789331668385
35.097000,0.139854458606571,0.022303068184861257,0.056683328756259505,0.08695537688543821,-0.019711511271975568,0.17949633223527428,-0.09185927844213163,0.27538532895732226,-0.18897937250335065,0.3458671516461541,-0.24353708715106911,0.45274771944225994,-0.34385164750539465,0.5186035390857683,-0.10809045941430928,0.2792261482498265
35.147000,0.14036280213634894,0.02282220119689565,0.05642239445964825,0.08647254139195404,-0.018878498260046978,0.17990580931948041,-0.09244136464639649,0.2747135341578291,-0.18903116925724756,0.34592034313869546,-0.24407779905472993,0.45254992884519024,-0.3447862608568968,0.5178017925844081,-0.10763057873405901,0.27962231694677814
35.197000,0.14106655386661748,0.02368478867873361,0.05603425305438825,0.08586891544451797,-0.0177040938143955,0.18054022155708246,-0.0933841512364649,0.2736666351495336,-0.18916308018030698,0.3459604576406041,-0.24507726071995684,0.4521376887901273,-0.3463230890770616,0.5165526112870431,-0.11013043944450526,0.2772792855417064
35.247000,0.14145568279392515,0.024247373519638894,0.05574904186373382,0.08549873659858716,-0.016944158646117702,0.18097490430359342,-0.09405147054718035,0.2729230551897979,-0.1892188792140014,0.34602000675169453,-0.2458173591412153,0.45183405151858064,-0.34735452781432563,0.5157887493745502,-0.10975380662236803,0.2776904858806489
35.297000,0.14222724740496526,0.025374665366314136,0.05555628162004579,0.08525372798132883,-0.015676969231360333,0.1818240338374285,-0.09492277889379833,0.2719356404757781,-0.18917608703739422,0.3462075322248669,-0.24694291477373084,0.45138829859058804,-0.34888113765280016,0.5147017941208236,-0.11043702148889131,0.27718294691296086
35.347000,0.142770297164559,0.02616155466625981,0.055487507558108815,0.08514521793819117,-0.014821221502593684,0.1823906940173833,-0.095531670512673,0.27119285289086664,-0.18913715979462445,0.34627955195459215,-0.24782686562212367,0.4509481643934772,-0.3499912880118422,0.513896006276858,-0.11108540602963993,0.27670738497468483
35.397000,0.1435620847549535,0.02734241054367527,0.055437362363377166,0.08506061459285802,-0.013555992664891686,0.183243693389274,-0.09639820911013045,0.2700605533557586,-0.18900464013290083,0.3463760100681762,-0.24915092646838696,0.4502144626763004,-0.35159052269492375,0.512713495668372,-0.11067644453586911,0.27715331873424254
35.447000,0.1439663745760646,0.0279957989069446,0.0553650679129149,0.08497971057393777,-0.012766383490170674,0.18376283327062592,-0.09695712637914067,0.26927259184707936,-0.18883023083453132,0.3464693060111478,-0.2499808355847043,0.4497195047455233,-0.3525175581668651,0.5120590629899396,-0.11115433056139457,0.2767818611614396
35.497000,0.1445086557917732,0.02891451415324315,0.05525137178780053,0.0848653402288963,-0.011616185562227627,0.18450835189574957,-0.0978051910511599,0.2680035932740988,-0.18850853653547262,0.34657141822778736,-0.25125890003767215,0.4488572524392838,-0.3538738287714099,0.5110679942848034,-0.11085901648899335,0.2770551133570504
35.547000,0.14476236258027006,0.029426636157092387,0.05513370657515211,0.08478060335868398,-0.01090731140125184,0.18497333734992832,-0.09839300058321879,0.2671089215285063,-0.18823899316566042,0.3466557480954779,-0.25212375361543726,0.44823693425844136,-0.35471201633290883,0.5104916397240604,-0.11059647682937715,0.2772740482697128
35.597000,0.1449052039226466,0.029953535374036156,0.05484479365463896,0.08460471995690523,-0.009935371133921678,0.18561724516980152,-0.0991875759943529,0.2658297374979897,-0.18764373112206484,0.34691924741230706,-0.25315207100624165,0.4474610665999592,-0.3555739657876015,0.5099891040140374,-0.11041157407718855,0.2774207497456888
35.647000,0.14483738576671581,0.030140297604299492,0.05456256597424068,0.08443236705383106,-0.009431855380613668,0.18594450442976102,-0.09978999894059887,0.2649090907340222,-0.18727928183949274,0.34704084692998605,-0.2538981493823651,0.44685029781703506,-0.3561387388979609,0.5096743525446918,-0.11082176830026144,0.2770517363429805
35.697000,0.14508165846465265,0.030495942748234625,0.054560763056031025,0.08438160426139674,-0.00825458615284061,0.18662754252626923,-0.10018573718684545,0.2637551216960284,-0.18611657724748987,0.3475160357697711,-0.2544160618420771,0.4461830535448994,-0.35627806297048487,0.5096191057350229,-0.11083184108997213,0.2769195439887145
35.747000,0.14516046667715182,0.030600104648832813,0.05454152743612749,0.0843190363519481,-0.007541162938606044,0.18701148764725972,-0.10048000449008049,0.26292177503168235,-0.18531438473654727,0.3477930182662619,-0.25479391402744955,0.44563265751367565,-0.35632833450734797,0.5095917182952563,-0.11060046795063339,0.27687668557951406
35.797000,0.14490789383171535,0.03059222069743589,0.05421575980772757,0.08418601692643699,-0.00683688603899002,0.18749416972724592,-0.10116953259600905,0.26166526782851796,-0.18433191102540522,0.34817549158251065,-0.2555496125464578,0.4447572651738992,-0.356517321748979,0.5096072589934451,-0.11016609715247325,0.27694158136560226
35.847000,0.14474030893540618,0.0304669582288594,0.05405204635832102,0.08406730273753804,-0.006394198647589222,0.18773143088554045,-0.1016149152198148,0.2607589266352365,-0.18362859234424572,0.3483589081679377,-0.2560606784178934,0.4440333190990729,-0.3565823745448398,0.509572533373901,-0.11015927304138945,0.27669616504717537
35.897000,0.14444828131069617,0.03027466256944918,0.053826569632449695,0.0839874450662505,-0.005804698818846765,0.18812251035594724,-0.10225868582291783,0.2595131847540678,-0.18255001657803702,0.3486944731814731,-0.25677946414676844,0.44298121198201146,-0.35657162764538464,0.5096259724982397,-0.11017931838682313,0.2767450052517871
35.947000,0.14418988211873088,0.030090776742455434,0.053658526972602594,0.0839557123977703,-0.0055374306921867344,0.18833884607437748,-0.10278067576136815,0.2586506607886565,-0.181915719377271,0.3488595565357454,-0.2574034503434448,0.4421419368311613,-0.356651229835502,0.5095947222880712,-0.11015749608294761,0.2765726079962433
35.997000,0.14401753055478034,0.03016723990188943,0.053671990232747185,0.08432373468554788,-0.005031194399842176,0.18898478621822987,-0.10337352838076891,0.257750948907111,-0.18087728681177867,0.3493651803321605,-0.25821462682615937,0.4411199393829936,-0.35664824844138104,0.5097553669438898,-0.11025585350605577,0.27627302292531253
36.047000,0.14393591127542846,0.030249462166422415,0.05370485994086069,0.08461617782207276,-0.0047924785933116665,0.1893924221918152,-0.10383726508318858,0.2571429223313043,-0.18027234558483615,0.3496506434612899,-0.25889259381040064,0.44030855303855154,-0.3567389988213163,0.5097785539484582,-0.10979092736723342,0.27693165605476444
36.097000,0.14348109669990802,0.029981984112863562,0.053543808121483016,0.08482955212946133,-0.004724751707156,0.18973319772238967,-0.10473440902515666,0.2560511322166578,-0.1795519082793103,0.34987192832147285,-0.2600642648803878,0.4388537265910227,-0.35694713485371954,0.5096612791758738,-0.11072041867079266,0.27581972455949594
36.147000,0.1432361936376865,0.030292117064275655,0.05348771864456238,0.08545203467293039,-0.004844447929505891,0.1903203250090078,-0.10553259959295436,0.2556035243375145,-0.17933853263524543,0.3502221495448174,-0.26126549033490887,0.4379032398435111,-0.3574877060410796,0.5096059957480884,-0.11007663049228109,0.27704407477250137
36.197000,0.14252946446823558,0.0298866998591635,0.05325370819387623,0.08580741468522055,-0.00504413871447254,0.19069478782947827,-0.1065097097315788,0.2547630162873422,-0.17865097023111967,0.3506569083417154,-0.26242380982508906,0.4365761224114446,-0.35746160719680375,0.5098415103554657,-0.11056640257194589,0.2766489643461789
36.247000,0.14219751690436952,0.029731889654790483,0.05325918520580061,0.08618820686358149,-0.005183684942253436,0.19099484276420522,-0.10714379793723011,0.2542730803979047,-0.1782555481916199,0.35093289094882274,-0.2632989778265403,0.43559465962825716,-0.35752760847562115,0.5098978571771781,-0.11095146552144439,0.27635888969127564
36.297000,0.14157979291993755,0.0292511725069613,0.053233893808738095,0.08663018810149302,-0.005453827968217029,0.19129991301091026,-0.10802916028668141,0.25357592123034234,-0.17759771685817266,0.3513522779662729,-0.2644110954984767,0.4341981426129481,-0.3573410107038198,0.5101193574341455,-0.11083884868880964,0.27663259126597617
36.347000,0.14141221247958222,0.02917671703897094,0.05347178959200313,0.08717632228080044,-0.005574470790164904,0.1916442079254928,-0.10855206814165105,0.2532527661123697,-0.1772069709790918,0.3516728063203248,-0.26525329928549135,0.43320711855610206,-0.35731897135949175,0.5101740726691449,-0.11265562461157266,0.27492627254524654
36.397000,0.14143834168475197,0.02932048919366234,0.05415187696499835,0.08829919454855874,-0.005527414027986927,0.1924067457903901,-0.10903296541412302,0.25312413071179257,-0.17639888011617602,0.35243089551554585,-0.266212221422366,0.4320145855745626,-0.35695863437670694,0.510532663339515,-0.11083473302041466,0.2768851466258975
36.447000,0.14145854833842036,0.029390872955989453,0.0546413783670817,0.0890580469835916,-0.005613794212167289,0.19283335318423495,-0.10943821601551501,0.25300385623147903,-0.17603650556465988,0.35282703905426926,-0.26703707900637086,0.4310504091764507,-0.35688383720712225,0.5105963709898101,-0.11021186307554315,0.2776685770132817
36.497000,0.14142701866611593,0.029364143999630384,0.05537599105477807,0.09013087457293888,-0.005784313300757182,0.19337532803670035,-0.10999176415139608,0.25288001009736194,-0.17548784333187836,0.3534298167202767,-0.2681478407339175,0.4296802257778609,-0.35659858043705317,0.5107756427011869,-0.11076350498594253,0.2772873705457326
36.547000,0.1413905882540647,0.029170626508485998,0.05591065518681068,0.09073806614877113,-0.00595537013906286,0.19356119054368895,-0.11035689072357385,0.25272471393107315,-0.1751763459346779,0.3537120310857478,-0.268906668955258,0.4286428428153309,-0.3563770911044397,0.5107946854547017,-0.11298537831056182,0.2751394084332295
36.597000,0.14132768588379258,0.028850035442826674,0.056763250004223054,0.09166897711795134,-0.006193199460230697,0.19382809551086405,-0.1107976374477348,0.2526321051811966,-0.17466008911947822,0.3542273179939197,-0.2698755872552693,0.4272616175712522,-0.35583882548240203,0.5109892813001845,-0.1124131151332568,0.2756910765417892
36.647000,0.1412347294147023,0.028579964359893698,0.05732463861626841,0.09227029282455919,-0.006480229188242537,0.19390167992738172,-0.11117245881945623,0.2525492464143287,-0.17449120192248715,0.35448420985596163,-0.2706718971360733,0.4262426509498867,-0.35560932079188223,0.5110107703268876,-0.1099392586402588,0.2780324076194339
36.697000,0.1409269414417912,0.028039707325841174,0.058056935927015246,0.09307831249443753,-0.007029283295917899,0.19389390685034394,-0.11176381705776661,0.2524658919081547,-0.17432055367143834,0.35487026047615383,-0.2718225087503715,0.4248228783988037,-0.35518690309182477,0.5111384491614546,-0.11274052798413892,0.275479837106791
36.747000,0.1406970444146568,0.02759987680985481,0.058572997544196356,0.09357712912781663,-0.007469472323254234,0.19376890610480607,-0.11217702828109755,0.25238910505819473,-0.17431893271057614,0.35504573520879673,-0.2726628604058314,0.4238096202464399,-0.35495851381093363,0.5111447531004475,-0.11146006549090456,0.2766534739260713
36.797000,0.14046406713615106,0.027005011703506037,0.05948743011272162,0.09438559215182275,-0.008019771642417767,0.1935963663207147,-0.11262200863432237,0.2524042910952672,-0.17423545109401545,0.3553789661773767,-0.2737435219743306,0.4224471689986707,-0.3544446366126963,0.5112578107941522,-0.11093585640849313,0.2771512668435574
36.847000,0.14038790201293244,0.026644270655430506,0.060198895965399,0.094960313274746,-0.008407126892453015,0.19341443267880076,-0.11290082145719244,0.2524150072201639,-0.17429575093573335,0.3555201120129186,-0.2745567341669536,0.42145747047918536,-0.35421478618979224,0.5112048645802217,-0.11026532051335647,0.27773417218980756
36.897000,0.14027078844950047,0.026024816247079613,0.061306137801718716,0.09575244592569963,-0.008934535376817598,0.19304709033856557,-0.11318716737070261,0.25247257916573096,-0.17432086592143042,0.3557327888377467,-0.27559657129217413,0.42010072729827463,-0.3536878102167312,0.5112147130700962,-0.113306635312385,0.2748074958886437
36.947000,0.14018656128881338,0.025563892027800836,0.06206486182863026,0.09623466743124665,-0.009359874250395611,0.19266343428036414,-0.11340282735725335,0.2524552724257514,-0.17448653850272036,0.3557450600753399,-0.27640106215087457,0.4190966967516704,-0.35346741209255306,0.5110791826208114,-0.11185386046099136,0.27609495818478735
36.997000,0.14005120837560722,0.024826725242484398,0.06322934449237165,0.09690834358868224,-0.009940985192839091,0.19201934638939683,-0.11359276211911187,0.25248676852748836,-0.17466559260638173,0.35578299002795366,-0.2774286006250368,0.4177488207974817,-0.35296723461032853,0.510989985395722,-0.11125647880636944,0.276432603158356
37.047000,0.13996198136694143,0.02446902529732736,0.06401336075485478,0.09747016171217862,-0.01041711066893819,0.19159829206454315,-0.1137678972269684,0.25257873907697787,-0.17497913387866032,0.35579300411611875,-0.2782778334881625,0.4168616430315697,-0.3528473807930516,0.5108796339415206,-0.11206510127344618,0.2755344877170091
37.097000,0.14004890265038122,0.024403510597920078,0.06533607229164269,0.09866892540449845,-0.010973536421674396,0.19128017535838016,-0.11386963358991287,0.25302475558648096,-0.17542880811383826,0.3560318817085733,-0.2794666572724233,0.4158326002866593,-0.35272286339858844,0.5108774752878961,-0.11167506990290543,0.275999914603366
37.147000,0.13998394255228144,0.024078704270643903,0.06617974682969543,0.09924711986921624,-0.011440377008464314,0.19076278178207498,-0.1139307458795458,0.2531785192893054,-0.17580368725557569,0.35599748215830396,-0.28027048515546593,0.41504566702816986,-0.35261206247084564,0.5107885319922014,-0.11236001666536347,0.27544505555193705
37.197000,0.14002336305788138,0.023825809106603417,0.06754034491163453,0.10026934085090322,-0.012036979533359526,0.19008832232932762,-0.11389253681562123,0.25353472057013404,-0.17635852052853684,0.3559944730408165,-0.2814089154221727,0.4139980464743141,-0.35248455068707807,0.510684416095347,-0.11184378571234377,0.2759177729078421
37.247000,0.13998178601841518,0.023475101644524245,0.06839327757928457,0.10075640510495387,-0.012507927950900222,0.1893848144531209,-0.1138725717684643,0.25361260426139515,-0.17683261674116327,0.35576950680248254,-0.28221035895263236,0.41317622632511564,-0.35248031606658503,0.510449722854148,-0.11129674542061294,0.27634679144935204
37.297000,0.13956933861850604,0.02250788624050727,0.0694366131575245,0.10111288501846795,-0.013249796492120519,0.18807815198888822,-0.11371804672720573,0.2536992666905937,-0.17732194469612125,0.35545654733004534,-0.2830196599110627,0.41227197655783143,-0.3519911697244765,0.5104704023804331,-0.11448961734086635,0.27300784130445477
37.347000,0.1393445847080551,0.0219399878667099,0.0701590640826749,0.1013799950839949,-0.013765802150667028,0.18715071752301318,-0.1135929093699437,0.25374312447926956,-0.17776675502389583,0.35514192888039287,-0.28364187884238357,0.4116260696317321,-0.3518370989596567,0.5103651801865237,-0.11169369465587742,0.27546705131458826
37.397000,0.13908094434059284,0.02145863234204362,0.07126016294405557,0.10206842468727358,-0.014488523294682476,0.18601580585143634,-0.11332720124769671,0.25406663786897066,-0.17845443012490583,0.3548557446818833,-0.28454565925587927,0.4109329334508648,-0.35169151392067344,0.5103886230565565,-0.11481878954046668,0.27240338775330153
37.447000,0.13754744345094128,0.019721826998962706,0.07102332481753383,0.10140452404396445,-0.015544547072017967,0.18450689197146217,-0.11332366560551282,0.25407156675934667,-0.17870046588278127,0.3546989685047664,-0.2846072393462078,0.41112374439713484,-0.35063662021368147,0.5113241478836226,-0.11578048106233835,0.27132889647569364
37.497000,0.13523887187511896,0.017164782875760353,0.07064497274260331,0.10038172263768912,-0.01708638368456314,0.18225485070416123,-0.11319887316957139,0.25410462011917495,-0.17899490405560797,0.3544584058914526,-0.2845495984023246,0.4115391075440431,-0.34896999557269304,0.5127814525758023,-0.11333880984504047,0.2735967030357917
37.547000,0.1342715507419962,0.01610975685785954,0.07075383387999865,0.10015083656726635,-0.01795173836299835,0.18096742801377952,-0.11304791426822267,0.25415702651110755,-0.1794603089717488,0.3541039815895815,-0.284855439125733,0.41147877169564034,-0.34851801017864564,0.5131993548958769,-0.11426837626672862,0.2725352981217953
37.597000,0.13338515202778295,0.015193637701830146,0.07129914337453352,0.10029773938629884,-0.01892395519746054,0.1794165897575466,-0.11256608182013789,0.2544575926931554,-0.18010573389908086,0.35364627852474745,-0.2852893981798051,0.41140782947735144,-0.3480706205240047,0.5136747259829679,-0.11406893785230726,0.27263739388867414
37.647000,0.1330699594260768,0.014905296074435815,0.07183838614809954,0.10062616358902413,-0.01944641132614583,0.17851766344674935,-0.11211690430120394,0.2547553164258358,-0.18057597245477358,0.35331167587323187,-0.28560403946052637,0.41135566902517673,-0.3479684252720397,0.5138772929994477,-0.11367380144036449,0.2729791710116819
37.697000,0.13272200338285775,0.014586087896318408,0.07269114298091581,0.10115202724162847,-0.020118160876555796,0.17722063520504175,-0.11131517701374233,0.25521489299158484,-0.1812004538687624,0.35276512660941106,-0.2859468456361658,0.41131590296384013,-0.34780587873955104,0.5141432340753007,-0.11443381971379371,0.2721966980418427
37.747000,0.13261005590927238,0.014448275358421286,0.07332006015654438,0.10152330209136709,-0.02049317952415916,0.17635027624247654,-0.1106664079064908,0.2555259599029782,-0.18159573580606653,0.35231971199324696,-0.28610141481849183,0.41129905629402896,-0.34773783138244135,0.5142599816645361,-0.1139832634103145,0.2724766450193224
37.797000,0.13260901294140043,0.014565061360931688,0.07429416441437806,0.10229610951927087,-0.020988633487411285,0.1752425859523652,-0.1096635819414688,0.25609277776827055,-0.1822384947631488,0.3516588911606516,-0.2863679199764556,0.4113000078901454,-0.34784404266872065,0.5143567220757118,-0.11555144106442095,0.2708757830909787
37.847000,0.13249675221932194,0.014495275693705565,0.07483038107364984,0.10265485950390513,-0.021354449440112555,0.17440775754557733,-0.10893675570738248,0.2564403097962582,-0.18261614309206842,0.3511575092576566,-0.2863947677212366,0.41140696622797807,-0.3478055455840039,0.5145026322799617,-0.11422317678449287,0.27206972406561664
37.897000,0.13225004322229353,0.0143819187751283,0.0754649104313947,0.10310980878495386,-0.021985145085440277,0.17313470921101395,-0.10792101097081416,0.25689046694930523,-0.18325499386008534,0.35029705676451545,-0.2864523492682344,0.4115367974254905,-0.3478652566643188,0.5146311949555525,-0.11556940507684507,0.2706096856642608
37.947000,0.13212435468099218,0.014408230095051383,0.07583961259948951,0.10345641414512123,-0.022394302401545857,0.17237736845916926,-0.10725110033791871,0.2572261978159326,-0.18370351980841657,0.3497195897714333,-0.2864761246806854,0.4116695025052201,-0.34799795219974894,0.5146989387599648,-0.11525335378431587,0.2708166105738574
37.997000,0.13197028317185996,0.014446314310897932,0.0763266913869538,0.10389442695788112,-0.023075092684508997,0.1711200568847963,-0.1062785337312768,0.25759078833739907,-0.18451560653968044,0.34857958126407657,-0.2865870549001469,0.4116780711319206,-0.3484330006494569,0.5145132742037639,-0.11418309693298553,0.2720334748123574
38.047000,0.13190647512902823,0.014544932642980143,0.07664458753999931,0.104234095186169,-0.0234507901838161,0.17042257855125503,-0.10554705450726531,0.25794516639720894,-0.18494325031245715,0.3479242978031915,-0.2864876816560601,0.41186746341435015,-0.34861361184844486,0.5145337614645928,-0.11461900343202897,0.27143069257531177
38.097000,0.13152808009838257,0.014640038631701094,0.07668993166134824,0.10458295550167615,-0.02442747036994508,0.16919929247352045,-0.10484895622787463,0.25826322799047163,-0.18606908705326247,0.34659946260807983,-0.2867583894108869,0.41188088713461973,-0.34946811007954015,0.5141916437485761,-0.11478233096635276,0.271241373024315
38.147000,0.1316697439840942,0.014927291419293153,0.07699370276465323,0.10496997042663847,-0.024766304727444594,0.1685695055981318,-0.1041478119796529,0.2585615958378583,-0.1866019255334776,0.3457471402687733,-0.28671464521839163,0.4119093905059156,-0.34994526499932094,0.5138990405620132,-0.11620629868860596,0.26974464405462295
38.197000,0.13190075770310167,0.015613408474962554,0.07732427194914743,0.105717618689194,-0.025362459672851806,0.16780976914954554,-0.10325517642829135,0.2590935282551868,-0.18758492707939606,0.3444662004350036,-0.28681613242957466,0.41194336608939647,-0.35097687571897046,0.5133504616032286,-0.11570288333484205,0.2704603935725217
38.247000,0.13190785314841194,0.015862353147745475,0.07737608217085659,0.10599618674407318,-0.025851286692361114,0.16718532218776877,-0.10264557025178653,0.259395072267923,-0.18822629114208864,0.3435136802679539,-0.28672298986608846,0.41205855848399225,-0.35156572818411835,0.5130309273383866,-0.11611821699578301,0.2700957305729497
38.297000,0.13215198071698991,0.01654385979227069,0.077536931849405,0.10662457338784459,-0.02644268940684924,0.16652647956124034,-0.10169873608268523,0.2599958726197388,-0.18911499463028203,0.3422053473870345,-0.28651213345541077,0.412303830598686,-0.3524816544537674,0.5125436545172641,-0.11662429780391023,0.2696311901357761
38.347000,0.13249844384097353,0.017296210442750082,0.07765830698182907,0.10724169114671,-0.026819989154940882,0.16626952892887062,-0.10116701338928824,0.2604635838635598,-0.18986869388886074,0.341284446742679,-0.28654224660644656,0.4123775139462288,-0.35344703272401007,0.5119955323447974,-0.11712091420329723,0.2689690234384267
38.397000,0.1327315665656182,0.017952668682979518,0.07752049673223221,0.10767151624601307,-0.027588788524617935,0.16556830502673847,-0.10058359618569995,0.2608140820857568,-0.1910796572818954,0.3396205724626159,-0.2865950321841492,0.4122622489112618,-0.35488579558426814,0.5109353031091733,-0.11780248567396534,0.2685066881957521
38.447000,0.13298231727953957,0.018520737340947002,0.07745270561616593,0.10804206480160271,-0.02800769789951424,0.1652967875683763,-0.10015632353174891,0.26118513835991203,-0.19178656621301543,0.3386699667130373,-0.2864965206522477,0.4123586668484528,-0.35575382432458713,0.510355737647399,-0.11800509633714595,0.2683546928998481
38.497000,0.13342938152748413,0.01925342412146689,0.07733674334237359,0.10842088099861524,-0.02858347996550012,0.16482040486590058,-0.09952642810873269,0.26160417472345765,-0.19278784377966507,0.33711780492947285,-0.28625561526985344,0.412375865577375,-0.35700447813958636,0.5093016021065023,-0.11863548671405352,0.2679404177135655
38.547000,0.13365333707765029,0.019699031460525308,0.07718251779094892,0.10863000714733438,-0.028942578395617757,0.16464307666179973,-0.09905737511758608,0.2620284722535275,-0.19330833451094978,0.3363033445417137,-0.28584554397315964,0.41270272192743784,-0.35757219967470777,0.5089071233677919,-0.11923564971945289,0.26734918286282877
38.597000,0.13420190604977233,0.020646956725092237,0.07694290565775125,0.1090704772564472,-0.029494381054325475,0.16448801958075185,-0.09848637644629679,0.26267205378024167,-0.19430209496514472,0.3349171095606256,-0.2854150216890663,0.41300958412636773,-0.3588284862557822,0.5079330439253584,-0.11944267388216309,0.267151850803503
38.647000,0.13443921857188648,0.021152883667244674,0.07658663248662237,0.10918932532447505,-0.02999121145418923,0.1643360675755305,-0.0982780887564309,0.2630118112427214,-0.19508418669466174,0.3339242882969861,-0.28518768550571905,0.4131793165412904,-0.3597685482818298,0.5071883315746926,-0.12129578732482132,0.2656737629042262
38.697000,0.1346798172748693,0.021457310895471763,0.07596456313666398,0.10892082908585235,-0.030710867471297087,0.1638785628873868,-0.09795034557453922,0.2632709800246835,-0.19607739456859116,0.3323440012103685,-0.28459529035760656,0.41336611007631185,-0.3608304984225017,0.506038614365869,-0.12125965521060256,0.26548662447442306
38.747000,0.1348552707529735,0.021635313868777095,0.07551493303121246,0.10867597304342136,-0.031148343656084654,0.16365729174647614,-0.09772985173710677,0.263491668499441,-0.19666769798689998,0.33139824093136255,-0.2840654568211559,0.4136273826680308,-0.3614170081960459,0.5053701616748618,-0.12060066944198461,0.26595680098474195
38.797000,0.13516513342737135,0.021922570710028743,0.07480228212032905,0.1082572782223829,-0.031809527562916134,0.1633383279224664,-0.0975502965142768,0.26372832392646545,-0.19764533448281218,0.3299173213057682,-0.2834048650507866,0.4138536240404049,-0.3624557413409737,0.5041362854862954,-0.12051313686593959,0.26598204239251216
38.847000,0.1357369832149838,0.022383282182823445,0.07452774112149176,0.10812006519657588,-0.032048625909492284,0.16326966165414183,-0.09741663088586902,0.2639027771051308,-0.19830477293916288,0.32887648557537447,-0.28303298961575796,0.4138537136939022,-0.363347476376446,0.5030141489571514,-0.12132939343187671,0.26495594608307843
38.897000,0.136949809958035,0.023209215999049595,0.07435844076472879,0.10794225982671794,-0.032161867535654504,0.16320005492605125,-0.09716944044342915,0.2640663796563779,-0.19921616564067993,0.3272048455569896,-0.28249841511052287,0.4135996771340654,-0.3647562502160495,0.5009704306145293,-0.12009754490160038,0.2661526960440462
38.947000,0.13783915725226634,0.023801795683999732,0.07425180134157516,0.10778997978392578,-0.03217785385795904,0.1632221770518926,-0.09704687084341956,0.264177665438176,-0.1998197481149994,0.3261271262688673,-0.28213420225824504,0.4134445394182399,-0.3657176746543229,0.4995479838453437,-0.12073220218789202,0.26506844181843203
38.997000,0.13911548011114364,0.02458504568872733,0.07401557928812671,0.10740633018558884,-0.0322290744428487,0.1631922921611915,-0.0969987550051919,0.2642115402273071,-0.200774758227262,0.3244655123388631,-0.2816758927118632,0.41309398653933904,-0.3672002096546263,0.4972699404185347,-0.11997330616253518,0.2653873895076791
39.047000,0.1398874411955289,0.024987913674770608,0.0737895809326491,0.10701494307035009,-0.032226788014743823,0.16323352998954935,-0.09694617629251578,0.26428500588647386,-0.20128912591310336,0.3235517660852538,-0.28117594056900297,0.41309559247286104,-0.36793517294595857,0.495998159365332,-0.12103166073052882,0.26403071673345657
39.097000,0.14095285255976303,0.025446414318598454,0.07336146909032347,0.10624719559425563,-0.03225807740385009,0.16320780828718595,-0.0969963215409155,0.2642472052867934,-0.20210519079368516,0.32214474931409826,-0.28050857329163914,0.41299027541681294,-0.36905411803909244,0.4939821670194689,-0.12011002411583105,0.2645303129555063
39.147000,0.14159350647328448,0.025697830953165354,0.0729987566505059,0.10564858025851333,-0.03226638709183524,0.16326150860705443,-0.09706978139967029,0.26425913276809954,-0.20260891667717149,0.3213685971752085,-0.2799906796869982,0.4130858951810347,-0.36968655559465935,0.4928019528178573,-0.11959726442120669,0.2649044317232197
39.197000,0.1423072347138763,0.02603865193480195,0.07234447402947033,0.10479643116409854,-0.032305507377533293,0.16351935158150596,-0.09719449005927461,0.26446200811120524,-0.2032398755346877,0.3206258417398341,-0.27909797917196577,0.4136072813138931,-0.3703287490901004,0.4915620542283385,-0.12079358317913977,0.26335397527366333
39.247000,0.14265858736894363,0.026184334853931315,0.07179368301171195,0.10412998816489835,-0.03231366441556022,0.16380963470284454,-0.09726948404149038,0.2647092952400297,-0.20355217925906818,0.3204227469042364,-0.2783090993544469,0.4142918200743898,-0.3704991921386789,0.49110970075510246,-0.12023190913810633,0.2640297522879137
39.297000,0.14325609465899355,0.026369878609492418,0.07096167947044467,0.10299307866038251,-0.03234939923079319,0.16404077320098895,-0.0976367673381841,0.2647262216751739,-0.20428063910417513,0.31974516930671804,-0.27756811242663293,0.4147659367061464,-0.3712351250440159,0.4897758743625779,-0.12213009370208755,0.26164260964884933
39.347000,0.1438282460578729,0.0267572722908087,0.07085246889227546,0.10281218357846031,-0.03231651136537769,0.1640997150360522,-0.09765235919030157,0.2647537114062679,-0.20434841636572781,0.3196713896366905,-0.2773823465598026,0.414887171092116,-0.37128352442853335,0.4896037609156003,-0.12339642593244357,0.26005750726313087
39.397000,0.14433842284279289,0.02667650227439033,0.0702291259437867,0.10188458670684541,-0.032181810488917495,0.1644305705798137,-0.09789945212700513,0.2648357077827885,-0.20480830207742143,0.3193379811444179,-0.27666463300940136,0.4154455651559358,-0.37172406711377803,0.48868287796645266,-0.12348950271023154,0.2598105207459907
39.447000,0.1447630151686499,0.026773824376312143,0.06952331833662989,0.10074414085881303,-0.032055046961588035,0.1646333864511629,-0.09828495233715068,0.2647013615084179,-0.20535950423722976,0.3188773740337742,-0.2760902778111609,0.4158163118677137,-0.3723006349841509,0.48753497870098444,-0.12441054738653395,0.2584543785657261
39.497000,0.14550778332902864,0.027151254810579208,0.06898578547659008,0.0997673829902687,-0.03173094206159627,0.1650064877816896,-0.09862955374514634,0.26462865275910985,-0.20584342322792534,0.3185284318912688,-0.27556909007959196,0.4161928132289436,-0.37292487504807315,0.4863487191326135,-0.12699345227599487,0.2549989750903607
39.547000,0.14576251410306226,0.027053797630720217,0.0682134973718582,0.09863481978393297,-0.031539483692934356,0.1653382137515792,-0.09910343258623935,0.26451035098148196,-0.2063512002188941,0.3183426491924226,-0.27508014567392347,0.4167109980150122,-0.3734496953559523,0.48543822474516507,-0.12785741595687444,0.253861537679775
39.597000,0.14681767180786934,0.0278837451933127,0.0675146146207512,0.09742978331042401,-0.031225316255381802,0.1656238156562753,-0.09958194874957016,0.2642512498741714,-0.2068225264142194,0.31809786989532696,-0.2746580300695086,0.41708445701502384,-0.37401679904909196,0.48437364651361725,-0.127338652166748,0.25446693694591216
39.647000,0.14773644153489623,0.028667502268414972,0.06720211374252989,0.0967962757288244,-0.030569349013076813,0.1663717101193405,-0.09998417409475019,0.26425726604502686,-0.20724799702127392,0.31805756614816144,-0.27443953130686216,0.417482400673287,-0.37485150090414254,0.48318960242161,-0.12613536593389585,0.25603048382181076
39.697000,0.1489895282658472,0.029667028748411563,0.06703832440669016,0.09622047621570387,-0.029787398913178664,0.16710615391990732,-0.10037212011895996,0.264151489368357,-0.2076400284076235,0.3179436435488215,-0.2743600657178178,0.4176854934480805,-0.3757799786736079,0.4818259740826994,-0.12344057187059812,0.25937813044901054
39.747000,0.1497675179404321,0.030234733819592876,0.06684866040891206,0.09552338503546304,-0.02891734021069417,0.16783433251456595,-0.10070277162861063,0.263994884905573,-0.2078784934228104,0.3179704780740809,-0.2741540820749481,0.41800820270240613,-0.37648919844074036,0.4806781632768291,-0.12142498678408475,0.261852457987731
39.797000,0.15084613569571326,0.030947135146968542,0.06664463686176582,0.09472503849692462,-0.028055754092786545,0.1684260286738207,-0.10109397614722115,0.2636385179760498,-0.2081355567755881,0.31787964643574185,-0.27409102163112026,0.41812871952717073,-0.3772700464818521,0.47939933916539534,-0.12200171715594543,0.26086603171134004
39.847000,0.15150594557370126,0.031332533268168684,0.06642309791882246,0.09383102520779879,-0.02710497399723316,0.16901413344139812,-0.10142788662221708,0.26322721458695353,-0.20824140389990586,0.3179160848145319,-0.2739206467024952,0.41834634452184555,-0.3778582982685307,0.47832104407872034,-0.12247091953636632,0.2599194020905082
39.897000,0.15246330896666022,0.03196665669861114,0.06619427403815933,0.09287256175913722,-0.026165530604037007,0.1694863104368734,-0.10181349857681168,0.26263879264529366,-0.20836076815331114,0.31784458351720063,-0.2738902028230086,0.41837265517815436,-0.37852172921708893,0.4771284522065745,-0.12177748769811814,0.26051660762455886
39.947000,0.15267785193496405,0.03235897942436188,0.0659359230964711,0.09206643692759602,-0.025199942789882163,0.17013213969867835,-0.10224991079772089,0.26212834845742455,-0.20846686374090134,0.3179670348641022,-0.2739577430295589,0.4185202283393679,-0.3792332623712303,0.4761141952159809,-0.12121831629517707,0.26128471622253474
39.997000,0.15316579566341756,0.03258744103217353,0.06517890729380375,0.09083804767081355,-0.024646312852805496,0.17040832997276814,-0.10300500544539526,0.2612924061092394,-0.2087830745619973,0.31795809320435936,-0.2742297485089821,0.41854006410012695,-0.38001494514210404,0.475192444220387,-0.12084924848987944,0.2616809837922064
40.047000,0.15374789065566638,0.03314570322261941,0.06487853931681221,0.08996607187421285,-0.023671259474373013,0.17095331243740652,-0.1034977679189242,0.2605509047574684,-0.20882822066253773,0.3180443454687827,-0.27445188839915324,0.41851092813582824,-0.38075577938139027,0.47418392663632813,-0.12145444919562329,0.26073425026911273
40.097000,0.1545289960815642,0.03403852681512568,0.06469506628291759,0.08927699669256864,-0.02266713350363017,0.1715439162195286,-0.10403307643371931,0.25974586251946835,-0.20892491469682375,0.31803567522963894,-0.27491724498439485,0.4182604842502408,-0.38172226763368056,0.4729659422675679,-0.12209363160681022,0.25982673997625955
40.147000,0.154979807319869,0.034663361375764014,0.06447679641054957,0.08866348985437958,-0.021654351839702518,0.17221841371343816,-0.10459336657314425,0.2589428037951558,-0.20897075737368356,0.31814888701024013,-0.2754363060424254,0.41806050215163915,-0.382681618690759,0.47189769111021285,-0.122730032996549,0.2590641845273604
40.197000,0.15555878939727902,0.03560068497623109,0.06422353271605478,0.08811377559842681,-0.020738843383036554,0.1728568853336527,-0.10525949588338854,0.2580405651139647,-0.2091071084565961,0.31817103461857577,-0.2761789648519196,0.4176766429011494,-0.3838223468989015,0.4707134442893127,-0.12236172522905131,0.2595607464147044
40.247000,0.15585942195635555,0.03618621151745209,0.06393850445302054,0.08759895874579597,-0.019816746330813567,0.17353531872303163,-0.10592818389810293,0.2571105562045657,-0.20916300071992283,0.31828712521399344,-0.2769349213309843,0.417317255864659,-0.3849099555487211,0.46967555974932046,-0.12306232632782432,0.258841314022674
40.297000,0.15642189054431613,0.037112383226873144,0.0636869452749087,0.08712942633672868,-0.01893332919407245,0.17415752666281276,-0.1066237993259411,0.2560744446217874,-0.20923214934820114,0.3182960364747123,-0.2778215728525242,0.41676172072502277,-0.3860875453744851,0.46851574634453574,-0.12367037020440272,0.2581116636539243
40.347000,0.15668869581104025,0.03786679865105836,0.06344717982282737,0.0867387615673905,-0.01802608756343624,0.1748415804825674,-0.10730058536717824,0.25502926059537256,-0.2092075547997262,0.31839304818507885,-0.27871799593871316,0.41621072843040385,-0.3872155511712382,0.4674774866663792,-0.12247641416799954,0.2596526263469377
40.397000,0.15726815151022827,0.03911428664607262,0.06328206603886105,0.08662280910092643,-0.01716440882746817,0.17566417410383417,-0.10795478884144102,0.25413140864742195,-0.20917888989464986,0.31858046888859026,-0.27968521061780305,0.41568277956183736,-0.3883770994566539,0.46653622881203866,-0.12310069585572603,0.2591245927509951
40.447000,0.1575630434786241,0.039806631696961005,0.06318175931985867,0.08652362856773223,-0.016228552537031593,0.17649030223521547,-0.10861358098080484,0.2530736327937856,-0.20907013480753725,0.31871265162600765,-0.2807480638502684,0.4149533628045167,-0.3895949617549531,0.46547417848010864,-0.12474688990656191,0.2573353121844977
40.497000,0.1578337269820135,0.04074256943488346,0.06303517252266079,0.08641647759812532,-0.015419917243726072,0.17721735253745713,-0.10926629834734772,0.25200275722148513,-0.20894763415752401,0.3188131702654027,-0.2817881708698192,0.4141769800229032,-0.3907285917596238,0.4644958104579623,-0.12346467866184177,0.2589328720636035
40.547000,0.1579461273722357,0.041247847690364645,0.06280754574643664,0.08627888570508062,-0.014637975138104553,0.1779423533185311,-0.10994812992425357,0.2508530822590671,-0.20872134813721077,0.3189988918430434,-0.2828233624433747,0.4133858161269136,-0.3917756319551926,0.4636789863215257,-0.12485441961950527,0.2575093313783495
40.597000,0.15802583473577123,0.041794159684951114,0.0625797315406629,0.08614044711628206,-0.013928859835360324,0.17858738024906196,-0.11061154540905,0.2496680267729861,-0.20845584471602874,0.3191409934084076,-0.283840256522927,0.41250688898344057,-0.3927512922420952,0.46288928966639753,-0.1238247804982448,0.25868943288801444
40.647000,0.15796646878467666,0.042006798402469216,0.06234918224875269,0.08593782764717442,-0.013206609931793373,0.1791650890225787,-0.11111266556063787,0.2485509973267713,-0.20794171872567468,0.3194321264312863,-0.28454073656310896,0.4118041485065089,-0.3933129902182812,0.4624854747824669,-0.12311843720124924,0.25931732515150085
40.697000,0.15775475218951715,0.042059509169542174,0.062081252773341936,0.08575816004453615,-0.012509743884628749,0.17975913434688995,-0.11159101161123178,0.2474562714687127,-0.20729163844688744,0.31985371631579507,-0.2851558912734732,0.4111617559345663,-0.39370050200718687,0.46232880983529634,-0.12341192592047315,0.25895582570113096
40.747000,0.15760504146848028,0.04201454807283021,0.06175538990409908,0.08547046501066798,-0.011912584104314256,0.1801965416877832,-0.11207342185045557,0.24628592495917873,-0.2065936341349572,0.3202178495224421,-0.2857143822666195,0.4104392838580529,-0.39396008037229413,0.4622357010870178,-0.12411072230953199,0.2582732669484101
40.797000,0.15722655720881243,0.04198786581443286,0.06148741604022992,0.08525974443902806,-0.011331212852445538,0.18064028378375827,-0.11253555268987783,0.24512037061611588,-0.20583561798094294,0.32058624248334483,-0.28627605047384963,0.40963306623440604,-0.39416957179734,0.4621591364837958,-0.12351941714302425,0.25853873391317095
40.847000,0.1569536832005228,0.041807993570975116,0.06104319955516102,0.08507493065987479,-0.011014169492329973,0.18103187703978071,-0.11314947104683984,0.24402695759074453,-0.20524006185064506,0.3209640948224185,-0.2869503553593534,0.40884713034383335,-0.39444577200142306,0.4621831912551161,-0.1237992860290594,0.2582861531049288
40.897000,0.156753520911701,0.04162968905933243,0.06082055707382983,0.08494172233466107,-0.010581961196475143,0.18138694193967198,-0.11364587660740799,0.24285099110801173,-0.20450313059704656,0.3212407825190258,-0.2875866945307284,0.4078267017211559,-0.39463967674455075,0.46204532397520276,-0.12395693748596615,0.2582010103381459
40.947000,0.15651466160319866,0.041380380600134166,0.06064993964617971,0.08484828577515449,-0.010165004652685855,0.1817257530415344,-0.114104974888177,0.24169643410691172,-0.20367978109233298,0.3215485104323768,-0.28816777157634765,0.40676458558239176,-0.39470606325486446,0.4619877003643675,-0.1237511997919922,0.2582335354559578
40.997000,0.15614023865788548,0.0412757341166654,0.06040767846914445,0.08474642889468031,-0.009886031074280072,0.18200276160553375,-0.11463691451341262,0.2405455012039293,-0.2028829507869772,0.32186362386246425,-0.28878376605529926,0.40565532940269566,-0.39472930339782225,0.46200728627085635,-0.12345208980183986,0.25852618396246285
41.047000,0.1558904358281334,0.04111825627937758,0.06026312397630558,0.08503634287739578,-0.009653404295963397,0.18256418029631946,-0.11518619543199377,0.23968536720146214,-0.20212684588346708,0.32239765950963367,-0.28949527933622404,0.40465795877870997,-0.39481044875370863,0.46217939034156424,-0.1234506738950995,0.2585020072998261
41.097000,0.15611732437019235,0.04159149922065214,0.0601934086133557,0.08520026988788575,-0.009433410911955764,0.18293514594287158,-0.11563680014668637,0.23879962584268905,-0.20132764810406395,0.3228060456761452,-0.290057411647474,0.40359607636576705,-0.3947141802057078,0.4623068998501304,-0.12289325138585522,0.25926588810390494
41.147000,0.15602227670197139,0.041592922415358245,0.06066829498668058,0.08617671443712269,-0.00896946898553444,0.18390379267444984,-0.1159305983964429,0.23830339553238095,-0.20048662957904703,0.32345195740598337,-0.29081398526556657,0.40245176002864774,-0.39483560124656425,0.4622807112686105,-0.12210563864057819,0.2602743965443006
41.197000,0.15567630111117867,0.041259627452723484,0.06073161483008027,0.08665176401247948,-0.008828137615399828,0.18443438434816295,-0.11636200998754645,0.2376928699879248,-0.1996688848718676,0.32406395656784864,-0.29137673784166396,0.40145691298934033,-0.3946150882381766,0.4626275187358608,-0.12189278411136786,0.2604671109985819
41.247000,0.15548714942638955,0.041118731179756667,0.0607552589826946,0.0870190964001738,-0.00884706286404302,0.18477142012227032,-0.11690835252641718,0.23695147067744446,-0.19898186744644397,0.3244953919317448,-0.2920786134791562,0.40021194149730177,-0.3944717847062784,0.4627870043085428,-0.12132813400650327,0.261092957078758
41.297000,0.1552793118961515,0.04110616053400514,0.06095481027729388,0.08774590139153896,-0.008871728583163485,0.18533818825596332,-0.11743638946540219,0.23646268731382525,-0.19841000007086296,0.3250249500379564,-0.29289696622713224,0.39899935930299163,-0.3944682752264038,0.4628998224306052,-0.12069499006843934,0.2620166452213144
41.347000,0.1551828782058971,0.04090755538490035,0.061137755353057266,0.08837216010112867,-0.008980943125391244,0.18575474643879963,-0.11797459290280354,0.23595817565381566,-0.1978277582918651,0.32553201098988743,-0.2936600952010141,0.3977550211894566,-0.39431285188264187,0.4630927788149532,-0.1200169371520434,0.2629044815763525
41.397000,0.15496678793483162,0.04075818267524867,0.06137060986365776,0.08898579781478716,-0.009086423705434749,0.18612387696312924,-0.11842324323976605,0.2355754683843821,-0.19722534467291092,0.32607535131090853,-0.2942762344542453,0.3966524353584184,-0.3939942841400219,0.46340803862032237,-0.12094051145834375,0.26167051496016724
41.447000,0.15482130747618206,0.04061970116299965,0.06170611699939918,0.0897980947049969,-0.00930673923007852,0.18653058278491508,-0.11899003586901291,0.23520885759427423,-0.19681151348955173,0.32655335726971163,-0.2951719412948248,0.395293638342483,-0.39390506623830146,0.46349752414744183,-0.12198385089509145,0.26044771088237584
41.497000,0.15456800500430712,0.04024783874184027,0.06206364853797519,0.09055738991657428,-0.009555883446285801,0.1868415663857918,-0.11951159336174824,0.23490134017829614,-0.19640843795089805,0.3270255785319027,-0.2959759809298913,0.3940054589821269,-0.39369111219208497,0.4636599859162196,-0.12380015647009454,0.2583417516488875
41.547000,0.15438192694476605,0.03997686922200389,0.06241056401344412,0.09129844841318385,-0.00992747991524226,0.18704398303789335,-0.12010589530787308,0.2345909785430658,-0.19613253417891163,0.3274346653611403,-0.29687530008409124,0.3926335542916597,-0.3935171189952885,0.4637697534980788,-0.1234643198482383,0.25891330075061225
41.597000,0.15410855223504805,0.03955013540950377,0.0628070152271592,0.09206841917129213,-0.010292065556491814,0.1872341923704064,-0.12062532126249795,0.23442076551693905,-0.19584259385960776,0.32792136392706717,-0.29766166277583705,0.3914263023573353,-0.3932013762107942,0.46403596532836344,-0.12404091439871143,0.258346702421047
41.647000,0.1539450300025509,0.03925439125096208,0.06325352531187933,0.09286912846543217,-0.010738481408645723,0.18734231482785854,-0.12118891094145937,0.23425396174008023,-0.1956867430117846,0.32832878843044194,-0.29856172030880523,0.3901085508623054,-0.39296718616370563,0.4641869418864036,-0.12366035732358882,0.2589721435755737
41.697000,0.1539376543034388,0.038911926265186206,0.06378837619290251,0.09368835636531814,-0.011138965102731463,0.18742145364886878,-0.12164859217491819,0.23419347866774312,-0.1955046887268047,0.3287729531964082,-0.2993456064953596,0.3889149833997874,-0.39260546051646505,0.46443054224670377,-0.1253897495029781,0.25697709153670956
41.747000,0.1539518316888967,0.03871545390246547,0.06456384081769792,0.09463324818676527,-0.011477359526150671,0.1874650091843805,-0.12203478167011966,0.2341239462522864,-0.19540716481898174,0.3290791640689523,-0.3002219296993771,0.38750745398794123,-0.392358723054255,0.4643892548921633,-0.12369934570020336,0.2589752372680961
41.797000,0.15390368344283084,0.03826647308418069,0.06532838149623715,0.09555514662234552,-0.01183424621611276,0.18745688155986018,-0.12237445802973862,0.234156577192687,-0.19532459070162073,0.3294365758448422,-0.3010108195114614,0.38627336885741403,-0.39200849704584084,0.4645001077856671,-0.12434864480306648,0.25823719713758
41.847000,0.15386802610687975,0.03793511868342758,0.06609770593938959,0.09639918926787044,-0.012288613759458139,0.18725943846447993,-0.12276593377221034,0.23410772298803423,-0.19539621487426356,0.3296317632451162,-0.3019153900266748,0.38489174265924514,-0.39175509622952587,0.46444566895697936,-0.12384758568730661,0.2587996321166748
41.897000,0.15380660062368462,0.037390003608788205,0.06690080307898,0.09724038559836215,-0.012709204808860453,0.18703039976529456,-0.1230644180793192,0.23416559790884256,-0.1954446484059917,0.3298792450959481,-0.3027033084456543,0.38368983742214424,-0.3913849932118705,0.4645326403610914,-0.12454324667777183,0.2579775745062083
41.947000,0.15376009429789703,0.03697671706132234,0.06773161186160684,0.09803753835032952,-0.013206008370753392,0.18663269414974207,-0.12339859592685229,0.23414683570456163,-0.19565457327598348,0.3299543183837435,-0.3036203890807403,0.38233162852480823,-0.3911504299391765,0.4644199464958841,-0.12534020613487346,0.2570035314932464
41.997000,0.15363553416243123,0.036275511660728246,0.06858669351969875,0.09878270282381998,-0.013660192516673664,0.18616376334221804,-0.12363076328512626,0.23418952273091204,-0.19582805696460484,0.3300412352109665,-0.30441081813639936,0.3811272800403427,-0.3907975575532264,0.46441792328992504,-0.1247922874985328,0.25750723790078595
42.047000,0.15351632600369805,0.03577804188735003,0.0693984189494489,0.09945681256788567,-0.014232063379762683,0.18551459795295933,-0.12392891435310427,0.2341623202689369,-0.19618254563113413,0.32997157226026813,-0.30533955756294645,0.37981880634720805,-0.39058877931175456,0.46427335146600274,-0.1256637719808889,0.2564424555384942
42.097000,0.15352893706062676,0.03536822459910674,0.07034327771415826,0.10026579315289572,-0.014650510048702187,0.18497739827121343,-0.12402219114934221,0.23435183875634474,-0.19640873922121216,0.33006070803311915,-0.30606330388686004,0.3788036710943357,-0.39020681770680704,0.46435990454364273,-0.12635502312321012,0.25555932866013864
42.147000,0.15348831994160392,0.03523443194647364,0.07127092641212442,0.10117903173554099,-0.015178949821349041,0.18440414152343607,-0.12419068627534136,0.23456828524427997,-0.19686700912366606,0.33005730082822404,-0.3069952735877688,0.3777203406607447,-0.39008813682411664,0.46429733575278653,-0.12460549080382807,0.2577544206565225
42.197000,0.15337908577429266,0.03479871717889327,0.07217718781106933,0.10208437670191435,-0.015671737450337814,0.1838313419513467,-0.12426043459609909,0.23490476803703086,-0.19727298960678563,0.3301369411973099,-0.30779125717185435,0.376888545815909,-0.3898546493147681,0.4644419561774033,-0.12536818115971218,0.2569228491703999
42.247000,0.15321390749931707,0.03451403036753518,0.07312307168374776,0.10301892087256287,-0.016192660988486818,0.18316066964844033,-0.12431626805889656,0.23521146783204924,-0.19781300111810723,0.33007046964871845,-0.30869203175941223,0.37595990808468255,-0.3897880763261158,0.46441007232300263,-0.12624408979107737,0.255949594632439
42.297000,0.15298704577843905,0.03397674188911686,0.07389071983199648,0.10366070759744705,-0.01676102781752803,0.18228806065021252,-0.12431584787140579,0.23550423002733817,-0.19826231378705125,0.33001306653792073,-0.30938939448212865,0.37529851603537734,-0.38947967287090557,0.46466040560585276,-0.1257874716509143,0.25652562972507187
42.347000,0.15291674463157687,0.03363794678531966,0.07479122676617063,0.10452060548769558,-0.01730503652258833,0.18145095247892792,-0.12428381125892185,0.23581584697226962,-0.19889314327143603,0.3298022692522623,-0.31027133221785014,0.3744665617188555,-0.3894957763752674,0.4645969530731854,-0.12330295790463408,0.25946475954915266
42.397000,0.15273515092904608,0.03323173692529425,0.07569282630101691,0.10514819950212884,-0.01775149285573238,0.18043537780847096,-0.12408100097070776,0.2360594346905717,-0.19936304836267946,0.3295078875427096,-0.3109107943693926,0.37374701457760223,-0.3892896606146651,0.46461369343236397,-0.1241503390128226,0.25833978253396694
42.447000,0.15261215417607643,0.0329828406552832,0.07656886982624658,0.10596114479597193,-0.018188993242236967,0.17958822803704347,-0.12384152061823797,0.23648764320943932,-0.19987682606055893,0.3293242324994289,-0.31155294129849365,0.37323829918723006,-0.3891800126498147,0.464748067958329,-0.12495733332143813,0.25745681124444164
42.497000,0.1524738189344528,0.032706987699460364,0.07737750536202594,0.10661471046775423,-0.018688788450162724,0.17852623383593055,-0.1235647231100866,0.23684465570371727,-0.2004351941745342,0.3289909018468775,-0.3121771241206852,0.3727372284567041,-0.3890724705198441,0.46486271734061346,-0.12265326088100797,0.2601807608051748
42.547000,0.15214500981256315,0.032248385133259734,0.07828130492404621,0.10747384307927,-0.01910163492888803,0.17759205059766325,-0.12315568611327737,0.23736457297583308,-0.20098226506713074,0.32870472628042985,-0.31275571072639985,0.37237046619158826,-0.3890211595487094,0.4650180852268501,-0.12332636881029835,0.2593795028483269
42.597000,0.15184191591773366,0.03180316105155071,0.07887436687067813,0.10786180359163616,-0.019626322097005988,0.17640094768224623,-0.12277414528422148,0.2377240800940258,-0.20144379200504836,0.32833912669264076,-0.3131464300764156,0.3721856844545274,-0.38876162413534116,0.46536477228016615,-0.12311555952902112,0.2596614198097438
42.647000,0.15165779854343342,0.03151968228539401,0.07963328998182984,0.10847821631773194,-0.02007711792550207,0.17524523328668917,-0.1222651686511051,0.23815471021875884,-0.20198949124600246,0.3278432398936818,-0.3136044610394798,0.3719124864607998,-0.3887128833629381,0.46550054579984146,-0.12079933715334851,0.26232632330713923
42.697000,0.15117351085564776,0.030873609825254857,0.08020084294446228,0.10881290375712617,-0.02057946670031971,0.17395374490875323,-0.12172452218065621,0.23852678688151774,-0.20244454713070126,0.3273202413728648,-0.3138857057447572,0.37182718624991923,-0.38849501136582193,0.46581362938647186,-0.12165979361537485,0.26122006125388764
42.747000,0.15097214151759833,0.030699529656605856,0.08083504441387404,0.1093091329753862,-0.02103740336085902,0.1727284075247602,-0.12112440847379521,0.23892955107616654,-0.2029845721832392,0.3266730043786302,-0.3142328202374117,0.37165997254485067,-0.3885061817800033,0.465912122467865,-0.12069196339497326,0.26237004213285764
42.797000,0.15096687561103342,0.030764191639160412,0.08147623229340761,0.10988479410515158,-0.021408341460343983,0.17164857372819714,-0.12041396115374292,0.23945629649861222,-0.20342353482136244,0.3261131522832366,-0.3144320753417951,0.3716884073128087,-0.388458805497113,0.46613438742089214,-0.12078446380626923,0.2623015443855291
42.847000,0.15097390938613645,0.030775624441980957,0.08224262664853509,0.11060438455574075,-0.02165095330581357,0.17065539657161216,-0.11954957698239113,0.24005179044196878,-0.20381764992657866,0.3254853428800819,-0.31455288784440805,0.3717206873994173,-0.38847843685907857,0.46624588616976337,-0.12076316878341628,0.26227790206927537
42.897000,0.15103093212047616,0.03082509322222077,0.08292912742025008,0.1111954405996692,-0.021857888682629834,0.16967348140348232,-0.1186576701236503,0.24059458061218417,-0.20412710356651836,0.3248262607981693,-0.3145473953447654,0.3718088018490781,-0.38844000847102284,0.4663597496252274,-0.12312401425737396,0.25914967921067433
42.947000,0.1510348721950972,0.03085841060329923,0.08358489865007257,0.11175557995952642,-0.022108114629003,0.16857975565955813,-0.1177280861719418,0.24108369377417055,-0.20452881704926446,0.32394280986384577,-0.3145700193346273,0.3718065100926157,-0.3885633241371527,0.4662786797744782,-0.12494407962135162,0.2565127961787819
42.997000,0.15101216630755246,0.03090106312809785,0.08413726668693389,0.11225114182100263,-0.022369212149882606,0.16753558778713482,-0.11679867491417922,0.24158338695798343,-0.20489222297865783,0.3230666784318267,-0.3145031368710822,0.37190772219285334,-0.3886649874633314,0.4662476390718291,-0.12637734654818625,0.25422376789678
43.047000,0.15096095763349993,0.03092516691186791,0.08458602304720243,0.11267754969399131,-0.022689771867120706,0.16645397413351462,-0.11588993331140904,0.2420431923247261,-0.20531295427338356,0.3220652100575616,-0.31443138687624084,0.37199683997583344,-0.38886857314464984,0.4661196602716666,-0.12670442835204138,0.25356961961760954
43.097000,0.15081490353613655,0.031061938713508572,0.0849242888300118,0.11304530910266368,-0.02303286096822929,0.1654404787983515,-0.11499625578050715,0.2425296091255324,-0.20569874121758158,0.3210984269576553,-0.31426968119315973,0.3722095900516329,-0.3890399995038105,0.46606799137897104,-0.12731848973166898,0.2525157617005581
43.147000,0.15062508646479042,0.031169146815963167,0.0850587673269624,0.11340628886258966,-0.023566906035964563,0.16440102473022047,-0.11431141450163418,0.24292130353269623,-0.20636629124438577,0.3199011688729353,-0.3143545659667195,0.37223215894848105,-0.38962225655452815,0.46569217581589184,-0.1274080275948089,0.2524321089697186
43.197000,0.15055225466198338,0.031728843119157676,0.08507850949333547,0.11381608851909111,-0.024147479222324325,0.16351199769504732,-0.11370154815379466,0.24338733014726102,-0.2070707738430164,0.31876761730513226,-0.3144388796233657,0.3723594997229804,-0.39028189585020556,0.4653532461809368,-0.12713880349385495,0.25318071905025963
43.247000,0.1505126567354783,0.03216122627721467,0.08514281040090063,0.11440488452253025,-0.02464901047214743,0.16283789051410663,-0.11301658373016232,0.2440239237703488,-0.20772894171922063,0.31770953460321616,-0.3144217979328949,0.37263343134181337,-0.3909665100682785,0.4650504592258652,-0.1275145193725363,0.2527965565155549
43.297000,0.15057854610844,0.03261740642683917,0.08514251900707388,0.11500579349475804,-0.02515480884286514,0.16227628568539948,-0.11244900373611627,0.24461536225192992,-0.2084365813283175,0.3166319224862266,-0.3144705340700278,0.3728173374062239,-0.39178595429435875,0.4645905675038978,-0.12810636391047545,0.2521867271775522
43.347000,0.1507170644053017,0.03309688987687233,0.08517638281041709,0.11530388931996927,-0.025548096587444086,0.16156499241795538,-0.11161996742735947,0.24518097802905256,-0.20886629028094839,0.31548853588322623,-0.3140687566058071,0.3732158351302606,-0.3921983361870495,0.46429694619695006,-0.1281642899931162,0.2522927934073937
43.397000,0.15097483465172054,0.03379220329015948,0.08523718515146327,0.11584610400749282,-0.02591209320052565,0.16107704384921856,-0.11097626166360425,0.24571797510258636,-0.20948329836242302,0.31424799568179274,-0.3139396086515003,0.37331473115783836,-0.39303656664516845,0.46355702299143403,-0.12842518716946405,0.25187959363416024
43.447000,0.15114270866786067,0.034324343762987077,0.0851611087523395,0.1161658256617564,-0.02635101721867325,0.16049466227556347,-0.11033404985163411,0.24620843146418564,-0.2100914451556886,0.3129052236039098,-0.31366663244012594,0.3735037432033722,-0.3938073060292735,0.4628204406034394,-0.12887278408406336,0.2513349857527026
43.497000,0.15132354153066063,0.0348582025717185,0.08489223271371557,0.11630753629162585,-0.02689493128676068,0.15993814396562037,-0.1098555753946309,0.24664184338647202,-0.21071268688029396,0.3116637094194181,-0.31338892771816096,0.373773205999361,-0.39451517615711706,0.4621956679138108,-0.12991551053223505,0.25037229484700496
43.547000,0.15168625237160413,0.035572162812904186,0.08471869043337518,0.11659226778244362,-0.027338553311335556,0.15952447159152483,-0.10932771433242294,0.2471473993834477,-0.21136005291861887,0.31030911154039037,-0.31307135683831994,0.3739865067047924,-0.39538466026007874,0.4613050046280653,-0.13024095668737026,0.2499018217814975
43.597000,0.15242369569921044,0.036748292709109995,0.08469667036199419,0.11706562963931744,-0.02764519860740336,0.1592474323067749,-0.10888644076899953,0.24756425161016798,-0.2121090558597911,0.308761406230522,-0.31294829297630533,0.37381098930043277,-0.39659904020926684,0.45984907672217584,-0.13058903644533051,0.24924520375723813
43.647000,0.1525447240024343,0.03702271344816491,0.08448585170503842,0.11731128120642598,-0.028054810078164794,0.15895980376327357,-0.10852102401083494,0.2479833310686253,-0.21283597847614524,0.3072993514202546,-0.31269307011234715,0.37384678749412925,-0.3976636482488257,0.4585816731712406,-0.13162349981730648,0.24802450612420984
43.697000,0.15313101539553428,0.03776918733769493,0.08412793517396555,0.11718265177682775,-0.028504882841709628,0.15858130277834886,-0.10815489538124087,0.24833583191911174,-0.21339984059986458,0.30598564983523346,-0.3121722290772231,0.3741326620549644,-0.39834581956976856,0.45764381281367206,-0.1324704150228683,0.24670179964830674
43.747000,0.15377904108546095,0.038557307881301704,0.08396456248330143,0.11729294403847106,-0.028755540945952146,0.15845334104369574,-0.10775620109531989,0.2487799467318934,-0.21392032876396325,0.3047190028198262,-0.31165856586958884,0.37434110424949135,-0.39912652090752465,0.4564955736423646,-0.1332509564661494,0.24534823182253856
43.797000,0.15417685751575438,0.03906969216472343,0.08377586632517077,0.11738165659506342,-0.029018024603229664,0.15833941738873966,-0.10750253469036708,0.2491148638287427,-0.21458916341331802,0.30326700089417014,-0.3112974233473049,0.3743128484895111,-0.40017253780040607,0.4549429547212911,-0.13423701232318166,0.24368481094389186
43.847000,0.15464287098719107,0.03964834530379896,0.08325150900126517,0.11698621026941038,-0.0294902970936593,0.15808712452887771,-0.10735865660547445,0.24939166212110292,-0.2152144721817132,0.3019951129948066,-0.31071754254446426,0.3746529656417304,-0.4008760390194185,0.45384542433095887,-0.13378869115662123,0.2441484813719863
43.897000,0.15574162375062908,0.04072474025129198,0.08298060841614484,0.11688609830522427,-0.029737544404464383,0.15805183678503287,-0.10723971040924565,0.2496674155061757,-0.21587838764635023,0.3006344421806785,-0.3103125318809694,0.3746762709163516,-0.40186093217624086,0.4522577790431117,-0.13600113397691224,0.24076185606330305
43.947000,0.15650882999478505,0.041371349473997496,0.08285642991100935,0.1167694874995569,-0.02981303916875075,0.15806828575428272,-0.10708440200215696,0.24987861461692273,-0.21648412103418413,0.2991908998581579,-0.30986234023095766,0.3745600459302605,-0.40286376149785,0.4503936508975612,-0.136963502376432,0.2386395183282806
43.997000,0.1575935721341932,0.042206575987122345,0.08270277906119385,0.1164639201669381,-0.029867849679639152,0.15803137792999117,-0.10697970172878274,0.24997572127715006,-0.2170535747693425,0.29776423949900005,-0.3093812005806398,0.3744167639977912,-0.4037730208943699,0.4485125415957704,-0.1370478213908411,0.23795839672677965
44.047000,0.15830085952288583,0.0426852645512779,0.08249848116483671,0.11602746095116523,-0.029901677153703732,0.15805369573334677,-0.10689790566538204,0.25009488648497347,-0.21757249334890105,0.29647522327852244,-0.308791600859702,0.37444364268620906,-0.4045436910819023,0.446773008908232,-0.13786160286495264,0.2359044582055288
44.097000,0.1593424764618533,0.04332544851906837,0.08227177622184961,0.1154550285752508,-0.02992195108031781,0.1580292878647187,-0.10690178118231455,0.2500841940754561,-0.21811351563740602,0.29516135147796096,-0.30826310053996864,0.3743639546037147,-0.4053286145852054,0.44492092437378034,-0.13870086667059084,0.23370076937358628
44.147000,0.16000173218733788,0.04371515469429417,0.0820016541864631,0.11476628738002506,-0.029914222639200932,0.15806566975833058,-0.10693588043901123,0.2500855818956979,-0.21861905941794788,0.29398168118890106,-0.30765935328891936,0.374429341610886,-0.406005593802959,0.4431899188099958,-0.1386541321735975,0.23322884187080906
44.197000,0.16076685957830203,0.0444628646454754,0.08167806101101678,0.11398430847674479,-0.029933142777888166,0.1580630923618676,-0.10711124963704488,0.24995182845958744,-0.21921742172010394,0.2927561060598856,-0.30721491227312764,0.374343124980609,-0.40680071561982173,0.4412958528697217,-0.13957086929380133,0.23108261841437044
44.247000,0.16106705485725978,0.04438729726223948,0.08112504433131013,0.11331886832267997,-0.03006946907148572,0.1584384890585424,-0.1073921303953485,0.2502056184057171,-0.2198243614379426,0.29214597373880064,-0.3066856409684592,0.3749416144004972,-0.4074165395814134,0.4401588365446763,-0.14144410911019822,0.22779975223281532
44.297000,0.16153924310204215,0.04455080751435074,0.08045448190136426,0.11210134193864808,-0.030235018468162178,0.15844607742495714,-0.10763787522941956,0.25014557450234876,-0.2202759712925312,0.29152986275692105,-0.30596795465362514,0.37553512442100845,-0.4076501318007184,0.4392590198652647,-0.14135692136582836,0.2277569487731956
44.347000,0.16175822644185303,0.044607816877799765,0.07990213260246055,0.11107781146817129,-0.030257044838652714,0.1586693614061172,-0.1079295993505362,0.2501405277679618,-0.22077524607891175,0.29095547618705786,-0.30538224016295834,0.37605339949932204,-0.4080731409365961,0.43813865457890766,-0.14131410591467264,0.22759818895619977
44.397000,0.16236126911720403,0.04501591725570324,0.07929154496147545,0.11000624723244459,-0.030252011672457613,0.1589981769798775,-0.10827571624004559,0.2501700010682019,-0.22127643914720416,0.2905536188807085,-0.3047933888737384,0.3767215891432177,-0.4084620402263135,0.4371600762292767,-0.1421559837892812,0.22593037670568158
44.447000,0.16276413038403673,0.04519670665921145,0.07870823150583478,0.10892566094015807,-0.03016536131974973,0.1593889226778377,-0.10859182208654863,0.25021452616542234,-0.22169110786260535,0.290321278177159,-0.3041658503773532,0.3774873085150756,-0.4087306767833784,0.43636172637582293,-0.1440458562280967,0.2223729977356103
44.497000,0.16324200252910342,0.045344839609141784,0.07808845054909563,0.10775325831369834,-0.030106112275939734,0.1596564043319913,-0.10913915346473677,0.24995467881133063,-0.222341199505961,0.2897704639528401,-0.30391855418150404,0.37777691362022425,-0.40941657003274545,0.4349623020313163,-0.14401314512429245,0.22226157910013883
44.547000,0.16347917171385482,0.04544809659750041,0.07745119589446771,0.10641347475830476,-0.02992765492643021,0.159983824732656,-0.10953770221161818,0.24977380396341753,-0.22274386991501827,0.2895778690053962,-0.3033613875204183,0.37846440259852693,-0.40967347288745376,0.43412175166306727,-0.14599824638013173,0.218274765666238
44.597000,0.1646622100576338,0.04671808714679243,0.07701534117726394,0.10544883203144723,-0.029613686965881847,0.16049654185803092,-0.10995823202378707,0.2496298918403517,-0.22318375365864235,0.2893788698156396,-0.3030739732522614,0.3789196583586296,-0.4101837403765806,0.43302601460688595,-0.1468024921096752,0.21670934432946742
44.647000,0.1654209283383257,0.047539291612438694,0.07689047199131709,0.1048798510073635,-0.02895790624951744,0.16141409570723736,-0.11027558620243239,0.24966053998164006,-0.223523134474913,0.289346719065449,-0.30284173407524523,0.37939426071674676,-0.41080546700167925,0.43177586409607754,-0.14746952357030288,0.21499137927608328
44.697000,0.1665240978263412,0.048717677348514704,0.07677574553253719,0.10427364147387914,-0.02829612034732021,0.16223831175263823,-0.1106656357393706,0.2495037856474082,-0.22391363938951364,0.28918866525233045,-0.3027993167626046,0.3796157071446129,-0.4115622815139663,0.4303169645106196,-0.14885825176822656,0.21160384491755527
44.747000,0.16720270947289112,0.04937983583588702,0.07666203535782337,0.10358118816027914,-0.027536200198762656,0.16310200558489296,-0.11098190647126199,0.24933897042412984,-0.2241597875958758,0.2892233937513232,-0.3026377301693162,0.3800045180527978,-0.412119954253612,0.4291333548958992,-0.14014000808426258,0.2289263091692894
44.797000,0.16813430494768686,0.05017808087195485,0.07653624764530557,0.10276004375039165,-0.026774875112977603,0.1638076638057463,-0.11133467490951085,0.24895248313358448,-0.2244089996265404,0.2891295548261274,-0.3025865821516205,0.38016946690063586,-0.4127232876066612,0.4278129985865805,-0.13947957984202092,0.22995360652880723
44.847000,0.1686973189684055,0.05059053555927499,0.07639380940994595,0.10181039048679097,-0.02593256208294259,0.1644946285143795,-0.11162659627568353,0.24849779811989695,-0.22452508308387584,0.28916635693897,-0.30243693661176607,0.38043378310980386,-0.4131541163389969,0.42671235388773554,-0.13885754614090054,0.230851116315454
44.897000,0.16928098495854327,0.050819601555684504,0.07623752309125065,0.10076038264342574,-0.025096596349404005,0.1650363208877419,-0.1119512158077906,0.24783894813313082,-0.22464165532510777,0.28908049079818976,-0.30239594473119136,0.38048218924496385,-0.4136361641097485,0.42548900642425885,-0.13817139741108958,0.2318185910186688
44.947000,0.16964362618624804,0.051129953572906006,0.07588019112980453,0.0994379820192387,-0.024322103409628176,0.16546449312676798,-0.11229504670890927,0.24707798004138593,-0.22467327911793317,0.28916280960074314,-0.3022512307409194,0.3807142236770803,-0.41391525571285365,0.42465902457215987,-0.13758439993790478,0.2326255664316969
44.997000,0.17049702601308253,0.05243581964770281,0.07574908316892738,0.09866851638971366,-0.02345567553807401,0.16618455781479619,-0.11272348606873009,0.24637968237148733,-0.22484241664981167,0.28915052992563095,-0.30253483563885775,0.3806048246790221,-0.41465902541704347,0.42336188329776353,-0.13946469228352568,0.2290961587967839
45.047000,0.17094927868793902,0.05296014289862048,0.07558964856115473,0.0980411020766456,-0.022596158089149276,0.16703057498685006,-0.11323205337677811,0.24567620096445153,-0.2250539450872604,0.2892177275142618,-0.30299481594931343,0.3804603746112399,-0.4155491100171051,0.42207204228870426,-0.1406747889505723,0.2268960184715965
45.097000,0.17150677397547273,0.05373908065259462,0.0754240551238758,0.09720097726533217,-0.021715626028536383,0.16765580212217016,-0.11366470934792902,0.24476200211103866,-0.22513331444647108,0.28920016225955625,-0.30336752120322197,0.3801914194942046,-0.4162765757708906,0.4208306295829258,-0.1409260153569798,0.2263473785038021
45.147000,0.1718466839935032,0.05432195885872276,0.07523097861554247,0.09644493702881671,-0.020824365947304524,0.16837108513166402,-0.11411637145148051,0.2438469203970573,-0.22517415719945644,0.2893020435929819,-0.3038030421761413,0.37995246249616854,-0.4170228543506731,0.4197177002191307,-0.14030224610024017,0.22756373773673774
45.197000,0.17230894541331154,0.05530069360196965,0.07503570300296741,0.09579141624159625,-0.019998227907879806,0.16906181937705264,-0.11464990120744045,0.24282536553362788,-0.2252913777966707,0.2892846343414214,-0.30445380849293063,0.3794694976293354,-0.4179597048343176,0.41841062621773506,-0.13974943362429204,0.22868654417372553
45.247000,0.17254183858865724,0.055932829894795574,0.0748290145982997,0.09524346608485955,-0.019164220342005933,0.16984421531337915,-0.11519459559235967,0.24180369717140984,-0.22536434702334346,0.2893707642413401,-0.30516702285322356,0.37898958442098174,-0.41891839999204883,0.41720769791472656,-0.14001191619712097,0.2284832363070123
45.297000,0.17304401507984946,0.05713143345876589,0.07466948825422728,0.09474294818031725,-0.018147191611955354,0.170802555979816,-0.11583557689812912,0.24049458838073834,-0.2254180954643763,0.28939930824142274,-0.30615115742027144,0.3781809094165832,-0.4201620708814092,0.4156176775960002,-0.14156121154029228,0.22577656324104028
45.347000,0.17315577814178698,0.05781944308274235,0.0744421557699168,0.09443356293917596,-0.017456138428264684,0.17160028843295108,-0.1164507933863565,0.2394240179804209,-0.2255254627836511,0.2894511755627997,-0.30709264510297424,0.37746705349581045,-0.4212736114946515,0.4143819138312683,-0.14170361708692825,0.2260177546783886
45.397000,0.17322387464697117,0.05865671655191795,0.07415567612301423,0.09409163290543933,-0.016710653121039643,0.17247090446176644,-0.11699521101034571,0.2383724025388136,-0.22542968485745868,0.2897724500197676,-0.30788119207180425,0.37696045927602506,-0.4221599535647047,0.4135714503956792,-0.1410663809482262,0.22753842684381873
45.447000,0.1732317833159603,0.05919600690417273,0.0737562514743872,0.09371004522377217,-0.016146294347928386,0.17319295063408324,-0.1176669617850826,0.2371738390470032,-0.22544585200009906,0.28993472250785235,-0.30884610591655903,0.376215645334211,-0.42319099119683434,0.41261959031548884,-0.14124830179885758,0.2279170466132584
45.497000,0.17347136942689687,0.06018326283462013,0.07360609405384168,0.09356105079947677,-0.015395285931687958,0.17405176057812974,-0.11816734531259987,0.23600257825317172,-0.22526391196463197,0.29013505844156506,-0.30974702897803136,0.3753559651470224,-0.4241385465377139,0.411613112172026,-0.14301639145622003,0.22515573964909322
45.547000,0.17354994315063935,0.06073580815881366,0.07344639190732259,0.09338302412508313,-0.014722984388471277,0.17478425927302613,-0.11867978458949119,0.23472576152284647,-0.22507752131576686,0.29021919914862476,-0.3106852944637982,0.3743102758252566,-0.4250905870433727,0.41052393388105046,-0.1422187320593954,0.22684915826720542
45.597000,0.1736727898004874,0.06151412367985332,0.07327552643216077,0.09329538075632873,-0.014079102684665085,0.17557033910856248,-0.11918122900665329,0.23348012276034993,-0.22481576365138595,0.29041293483204356,-0.3116099387225907,0.3732789180441498,-0.42598235264071055,0.40959628213547983,-0.14110175347313583,0.22908639890029744
45.647000,0.17358047745436656,0.061747669378981004,0.07314068447268238,0.09319213705184815,-0.013369480666207856,0.176354576452114,-0.1194749828214059,0.23240475408197092,-0.22425924630253818,0.29088772704585697,-0.3121615428629447,0.3725772995680691,-0.42642315606987363,0.40924177483471924,-0.14029131416859453,0.23063486319091223
45.697000,0.17339123855882457,0.061812357828061035,0.0728873684201965,0.09300161257551502,-0.012795861774698075,0.17701580223001442,-0.11980465467287627,0.23132158684334148,-0.2236839276212852,0.29139734444746757,-0.3126622121565222,0.37191358430701515,-0.42675702278414274,0.4090938773100027,-0.14130181423839538,0.2293061304763217
45.747000,0.1733488074772914,0.061844446994614104,0.07266508135419092,0.0927257668692848,-0.012189176385900613,0.17757713658828117,-0.12005806781863648,0.2301537688597785,-0.22293485915355055,0.2919305104752776,-0.3130322989329464,0.37119242658323853,-0.42689416626559845,0.4090800916902089,-0.1404003229840357,0.23094417408126924
45.797000,0.17315797963377727,0.0618408962381716,0.07246996300783957,0.0925817501926168,-0.01167801526047893,0.1781335926541926,-0.12040572388185108,0.22891041194677458,-0.22227940198216037,0.29232771014082093,-0.313602879132441,0.37017385660265584,-0.42721461824980334,0.4088050969693459,-0.1395540204104622,0.23252785436015816
45.847000,0.17306859802584043,0.061797304964689596,0.07231640468507437,0.09244038493149945,-0.011183819702623832,0.1786245628710783,-0.12068123345722592,0.22771953594347683,-0.22152878971505313,0.292756220950818,-0.31404293366919767,0.369183527382152,-0.427358525781219,0.4086750022119562,-0.13835316617175275,0.23438547214136074
45.897000,0.1726659354576571,0.06149450275999739,0.07213647702902114,0.09230898810278862,-0.010766252218907452,0.17906806531997158,-0.12098292434936053,0.2265263120626135,-0.22074707777700014,0.29321299507096277,-0.3144750584825683,0.3681467366817465,-0.4274353176010968,0.4086434014635379,-0.1372062293302708,0.2360961504724212
45.947000,0.17241938250611155,0.06130375840483126,0.07181955285307899,0.09220839721940177,-0.010596900812643612,0.17942954239150846,-0.12147752407090054,0.22531513256793093,-0.2201796137645445,0.2935639236935441,-0.3151200081558022,0.3669554866475304,-0.4277002061994192,0.40849702018239675,-0.13740509843739876,0.23612099559492072
45.997000,0.1722072678919048,0.06118781861818977,0.07156438484484902,0.09216395484728067,-0.010440771642258817,0.17977191278265492,-0.12194238301599203,0.22412719046603613,-0.21954471126237168,0.29393969306162426,-0.31572131302292805,0.36570362042575594,-0.42786474137085156,0.40841019456868904,-0.13625430171993766,0.23807890343691285
46.047000,0.171864124527237,0.06091876206435368,0.07138928024864383,0.0923886457281006,-0.0102900626921269,0.18030044775966048,-0.12245094404731699,0.2229611638063162,-0.21883296225919774,0.2944489709157325,-0.31642720014214176,0.36427278298561816,-0.42804345823213075,0.4083387668051076,-0.1349736568925971,0.2401749852287835
46.097000,0.17153944888348932,0.06051375432606986,0.07125029774723697,0.09248560159877964,-0.010197832616153979,0.18061165916104738,-0.12286107250393213,0.22192744739118964,-0.21812075995496027,0.2949041007890624,-0.31692231060469866,0.36300882593899597,-0.42799151090715587,0.40843605048760934,-0.13460451717070487,0.24094559322596643
46.147000,0.17125664291359036,0.060116721713962235,0.07108627567304386,0.09265647773035089,-0.010229860652040068,0.18090434440780723,-0.1233526801641324,0.2209446704009178,-0.21748837946809765,0.2953655687866234,-0.31749565713461514,0.36168709179176994,-0.42796500390077086,0.40855417432373853,-0.13325657433238725,0.24289291090609208
46.197000,0.17114667524318106,0.060415795913188214,0.07117494618636132,0.09335070646458263,-0.010166800765528311,0.18157496731562,-0.12372008700491777,0.2203776886582621,-0.2168279726763761,0.2960805395000046,-0.31803262065306465,0.360560142690226,-0.4279071930565609,0.40880512521293416,-0.1315574802276944,0.2454794969881316
46.247000,0.17110654506123002,0.06029428264717277,0.07127842420584474,0.09398588844630829,-0.010173709845161555,0.18210824570259065,-0.12410282423074581,0.21979321468488477,-0.2162230508297897,0.2966948651781763,-0.3185669593247123,0.35935046663544834,-0.4278165927753056,0.40899437450353116,-0.12981084798552187,0.2481933246782417
46.297000,0.17132130216208027,0.060788851052759184,0.07182459697911216,0.09524049318948173,-0.009964714691957005,0.18304999433624186,-0.12428484203850063,0.21953161276179106,-0.215522621420123,0.29747818170451895,-0.31909275719167984,0.35808533453580477,-0.4277202516709607,0.4090761909895559,-0.1283541591585663,0.25016141418961285
46.347000,0.17122816609666558,0.06074385090362845,0.07199342320448075,0.09598560150644186,-0.010111003883899045,0.18350053195983856,-0.12472918033981037,0.21903465113951362,-0.21500117542100602,0.298097707644679,-0.3196841392228058,0.35676181157260256,-0.42756672466597456,0.4093103392217894,-0.12645837898539208,0.25317116608126616
46.397000,0.1710478860226968,0.06048353223313876,0.07215692499748777,0.09672001948040318,-0.010319938098171083,0.18388404333141603,-0.12518201193631567,0.2186216885250764,-0.2145787760558383,0.298673038076214,-0.32026655725677156,0.35550694437187236,-0.42741106308779536,0.4095444764234541,-0.12508668893919345,0.2550382262585817
46.447000,0.17092872600222173,0.0603089556756051,0.07238581064542567,0.0975108744537258,-0.010613706145446655,0.18417736285888536,-0.12569911177573534,0.21816779402578756,-0.2142319093274303,0.2991736194809396,-0.3209598254709881,0.3540293567893902,-0.4272823315743978,0.40966679648507015,-0.12304247779097555,0.25777837223040045
46.497000,0.1707377791263033,0.05996158549182585,0.07264506822855388,0.09832789323880353,-0.01092591821426181,0.1844434564371865,-0.12618455639337878,0.21784175467370448,-0.21391063406847938,0.29972053883506206,-0.3215890140778662,0.35268624923862496,-0.42706410976783793,0.4099139015510454,-0.12092103254317937,0.2605627217234511
46.547000,0.17060224937365523,0.05970498525884937,0.07293513853551828,0.09916253060122135,-0.011311838387347756,0.18461688613303756,-0.12671057274319186,0.21752785860528978,-0.21368649794332262,0.30020305703614464,-0.32228278810656097,0.35126033627017517,-0.42686598618666205,0.4101021129202586,-0.11973642334380855,0.26190853215553433
46.597000,0.17039527283072822,0.05931546547827189,0.07325786583562029,0.10004691463486853,-0.011705059489781733,0.1847894737191336,-0.1271989069905521,0.21736509634509107,-0.2134847920768014,0.3007602163155222,-0.3229147711942131,0.35000531424783254,-0.4265825965980047,0.41044521808667883,-0.11769358742104982,0.2645075267446271
46.647000,0.17027170632146155,0.05902171172036635,0.07362760913910818,0.1009471320315286,-0.012164348322302398,0.18485029070234094,-0.12772617719407117,0.2171839219214299,-0.21340226126626535,0.30120539904516475,-0.3236392347586189,0.34861647027590315,-0.426360182761105,0.4106519991401799,-0.11963227226403744,0.26120358272662936
46.697000,0.1701195009981166,0.058455280403640356,0.07407932624805869,0.10183804136887883,-0.012580712911354264,0.18484429174718436,-0.12817306534268302,0.21706863120715947,-0.21331485094864894,0.3016314855310893,-0.3242841246903672,0.3473022670460902,-0.4260494785583834,0.4108932471550079,-0.11860502682639651,0.26259333909733423
46.747000,0.17018668719392838,0.058094136080051983,0.07467249433679274,0.10264879693479466,-0.012926104112040121,0.1846639513259186,-0.12850806115150695,0.21692555709697173,-0.21317186156640042,0.3019669640662054,-0.32482534686735387,0.3459385369303841,-0.4255848064420449,0.41111162421506087,-0.11700200556032375,0.2643441617729779
46.797000,0.1701679653963001,0.05767049833989326,0.07530723162310908,0.10361789500476033,-0.013305430275786012,0.1845363487170751,-0.12886130253343123,0.21689126158629446,-0.21317801702999142,0.3022768087035055,-0.3254716429543758,0.34458687342520555,-0.42526543947230255,0.4112291886351278,-0.11649902683480284,0.2647752525525833
46.847000,0.17015255988080424,0.05736037893644576,0.07594639511949361,0.10457465754990362,-0.013780566097374963,0.1842557245030168,-0.12928463095807508,0.21679510065953184,-0.21336386055577156,0.30241450938359243,-0.3262689550641493,0.34306472013402095,-0.42509134566700935,0.4111392022513007,-0.11398551558460895,0.2677818535712794
46.897000,0.1701196224465444,0.056868065538323506,0.07660795905705176,0.1055197172944831,-0.014224386293210045,0.18393836965583604,-0.12963487528197584,0.21680809784719673,-0.21353699596757456,0.30260107042921625,-0.32697670238960996,0.3417345983417665,-0.4248235780215366,0.4112039363915155,-0.11384162134805145,0.2678403500776271
46.947000,0.17009716872608427,0.05651938296670493,0.07730085638515323,0.10645878812051462,-0.014722604947615348,0.18347620539957182,-0.1300113770356141,0.216770334468245,-0.21385223220127358,0.30262317952937745,-0.32779690929177147,0.34026106686039254,-0.4246735530510749,0.41107713773369753,-0.11386540059549158,0.2677114694316433
46.997000,0.1699918453796685,0.05588695764660435,0.07798830462948822,0.10733578272144814,-0.015194293319852642,0.1829466512484758,-0.13031584362424453,0.21681446274425098,-0.2141446649211497,0.30267905800895506,-0.3285199337396529,0.3389874300833838,-0.4244239910228231,0.4111151764548486,-0.11270970021723298,0.26900144352886085
47.047000,0.170001183738082,0.055554447559742724,0.07870341274209998,0.10821410061819486,-0.015703030620900033,0.18229124588513307,-0.13062325412868453,0.21683603166199558,-0.2145531035765838,0.30260187782641934,-0.3293271829397915,0.3376291629326461,-0.4242701636285989,0.4110173800888399,-0.11422092377642262,0.26710402174753106
47.097000,0.17023414461064137,0.05518368113061007,0.07965732967830777,0.1092420614286031,-0.015951801438611607,0.18176029394228155,-0.13063565283149137,0.21708187699722103,-0.2147403193349266,0.30267629896622905,-0.3298576013633324,0.3365586155665345,-0.4238710142932973,0.4111339344669803,-0.11311799419443885,0.26828361628492303
47.147000,0.17034581780790375,0.05497257461385788,0.08064064315014607,0.11030845990874358,-0.016252252648230214,0.18110229257659632,-0.13067869101264354,0.21724907947715108,-0.21511183401798487,0.3025194985111781,-0.3305565180212916,0.3352689250004418,-0.42369984699542684,0.4109281628211797,-0.11213544228643108,0.26933251599282937
47.197000,0.17049078998863582,0.05474554932783722,0.08153771459789126,0.11140507961995486,-0.016581690808527033,0.18048895820313335,-0.13070497842413709,0.21758174984656697,-0.21550879131932404,0.30248353595916566,-0.33122090653953157,0.33427514406350595,-0.4235144182735831,0.41096874014023616,-0.1113085159673543,0.27035381781412693
47.247000,0.1704203031378983,0.054547614086952675,0.08243787116468981,0.11246481143849729,-0.016935690095902317,0.17973215359724126,-0.13071257212978507,0.21787427074119653,-0.21599479081291303,0.3022954953028027,-0.33194262889508697,0.3332163429615749,-0.4234199493555457,0.41088164944855865,-0.10869402317434801,0.2734125562610963
47.297000,0.17029722085294882,0.053891604029360794,0.08314629074409723,0.11321029929425296,-0.0173554000021805,0.17878018687316874,-0.13070335037057662,0.21817869125161765,-0.21642339843189373,0.3021553151438505,-0.3325267912833325,0.33248685266440947,-0.42314625385775506,0.41115141268157795,-0.10942047322608064,0.27275332889952136
47.347000,0.17027889076283487,0.05373577931330836,0.08399510190592452,0.11420166225818923,-0.017730795883038997,0.1778557408315159,-0.1306503962030922,0.21846563941067662,-0.21701688375074846,0.30177728221871236,-0.3332838684068713,0.33147556965915975,-0.4231885226460904,0.41095609019888096,-0.10888768922128722,0.2733356512525312
47.397000,0.17015438470704863,0.05325453126430095,0.08482583599486333,0.11513281774478071,-0.018049382406298276,0.1769121786909194,-0.1304939282304702,0.21881950638324354,-0.2175341596967678,0.3014270006326839,-0.3339175731095617,0.3306656921590498,-0.42314653235689415,0.41090404228879457,-0.10650645494079342,0.27619215871922137
47.447000,0.17005053090519334,0.05290478906481204,0.08551962111819651,0.11584392254909084,-0.018393890619350234,0.17586043759576578,-0.13026901523423295,0.21926500524024575,-0.21794689296224085,0.30119540104664116,-0.3343770307961414,0.33024747505125457,-0.4228925092255273,0.41127222483984005,-0.10755237772959225,0.2750060080683417
47.497000,0.16972685051403089,0.052091100790012855,0.0861227470999786,0.11626686286927825,-0.018788516989866583,0.17452170530297234,-0.13001664865577456,0.21955838730131166,-0.21837327213967545,0.30075633731254753,-0.33480542719094,0.32980032581475244,-0.42262166742591956,0.4115824017877602,-0.10501100013648051,0.27792785876327164
47.547000,0.16940831906012452,0.051488098405120857,0.08679656792327063,0.11692317371649794,-0.019126262089863094,0.17331780184719164,-0.12967182184162876,0.22000483665275522,-0.21883056556145056,0.30032120120910216,-0.3352475882199676,0.3294257856101893,-0.4224701855205585,0.4118407024448785,-0.1037156416509867,0.27936114970287623
47.597000,0.1688705823374145,0.05049868434932263,0.08726531336340364,0.11720337337225635,-0.019537772182598362,0.17191261315724876,-0.12930948591171046,0.22039117403701836,-0.21920558336960608,0.29988137256336445,-0.33554020322391553,0.32931360359192885,-0.4221467008519957,0.4123757163057949,-0.1049973887121351,0.2778775048473895
47.647000,0.16859941849498142,0.05009534143217637,0.08775068108670721,0.1176387975886996,-0.01995684573689871,0.17054521180798024,-0.12893042967078622,0.22079218191169867,-0.21970357181540529,0.29927935707534403,-0.3359447231373948,0.32907859765840236,-0.4220738846111903,0.4126355695026845,-0.10529648195825064,0.277585093663377
47.697000,0.1684227637915609,0.04972593388276923,0.08834404614054285,0.11823911216581182,-0.020220431864843597,0.1693639996025384,-0.12838237839110586,0.2213350812119292,-0.2200797058554174,0.29874050825613496,-0.33620586272438335,0.32898477533008885,-0.4219668382605808,0.41291960168404307,-0.10585880586958038,0.2771179950949585
47.747000,0.1683673797307074,0.04952395538555341,0.08902439272609881,0.11885627079999131,-0.0203867380320083,0.1681432312077133,-0.12769644374192746,0.22185195545667064,-0.22041009770778375,0.29803711390828125,-0.3363949252130147,0.32881892328622686,-0.4218995342767509,0.41301489604533836,-0.10734981794208887,0.2754620173275731
47.797000,0.16838370366885214,0.049768247837190735,0.08969371828733867,0.11977763680599972,-0.02051369848199963,0.16725737209080876,-0.12696782076123403,0.222642567296927,-0.22073134358349916,0.2975318302814106,-0.33655456079825613,0.3289162563351626,-0.42191554919403024,0.4132578324330097,-0.10904280803044011,0.27364337995352306
47.847000,0.1682575345013591,0.04958994969001146,0.09026370770782131,0.12042000815983071,-0.020696041146459843,0.16611392607231823,-0.12622940314203418,0.22323405829971418,-0.22107956727075295,0.2967421963736365,-0.33669459346743486,0.3288850916560162,-0.42198394878298956,0.41329910628858846,-0.10733979886524025,0.2758948218567983
47.897000,0.16811778315247652,0.04948932770379029,0.0907247366637059,0.12096829306475353,-0.020920314043205185,0.16496127718813186,-0.1255169097612688,0.22377923502491448,-0.22144582242937552,0.2958739207812402,-0.3368199925965416,0.32887090332695995,-0.4221179022134516,0.4132762740961892,-0.10846838436660569,0.2747747781584308
47.947000,0.16801580497956328,0.04943389395203252,0.09113746691022392,0.12143198387476088,-0.021145511427242275,0.16377029719439834,-0.12474160940815673,0.22433306201563885,-0.22177082166113074,0.29493994530158396,-0.33685081639520087,0.3289486913734918,-0.42222934558005254,0.41327251212590954,-0.1097856880482557,0.2733695119295878
47.997000,0.16792978417496815,0.049389072449411583,0.09155585006070042,0.12192239162788257,-0.02130273499867749,0.16270155025570088,-0.12389170554824269,0.22495508928426058,-0.22200267158155157,0.2940509527205782,-0.3367546609391834,0.32915053873611516,-0.42229203874460797,0.413313220479077,-0.11175268606013605,0.27115499047972313
48.047000,0.1678149001237888,0.04937450826864264,0.09181143909692276,0.12230957843403262,-0.02158993688106403,0.16155404207274315,-0.12313761885663821,0.22549204552441623,-0.2223646721902448,0.29297531668645116,-0.3367425377649422,0.329275507685481,-0.4225431605436429,0.41316980505298273,-0.11031877869822915,0.27308646287935223
48.097000,0.16773193531277542,0.04991756026934286,0.09210107274357077,0.12305457474041584,-0.021806026924139493,0.16080603343784697,-0.12235388425233962,0.22630510507958018,-0.22270363890392497,0.2921072839226569,-0.33669385361181337,0.3296070297764179,-0.4228773406695099,0.4131079671492894,-0.11222145564359837,0.2712698836035307
48.147000,0.16770778997283284,0.050102989697411324,0.09217517454259742,0.12347623519993908,-0.022210380983594596,0.15975218710789763,-0.12175118299600185,0.22677180165985222,-0.22325592704747765,0.29077794929449985,-0.33681797043679956,0.3295550340371041,-0.4235048077036649,0.41253329772348063,-0.11478650204638335,0.2683825542883477
48.197000,0.16729886669651686,0.05048316456682906,0.09211478489216422,0.12402580955802579,-0.022691600545546448,0.15894706182447377,-0.12130006877602101,0.22733105112337282,-0.2238947541431543,0.2895751716028818,-0.337027414300035,0.32958768469652205,-0.42428042080729866,0.41197040649472044,-0.11732952540488312,0.2657940109936903
48.247000,0.16686443040169976,0.05049183347993617,0.09164353020195942,0.12412591917895291,-0.023543679454460176,0.15776974075195388,-0.12111614042679958,0.22762398084751007,-0.22482093781467116,0.28800042491900435,-0.33741896590839704,0.3294936059091921,-0.42531759842859906,0.4111871209461629,-0.12032682244334139,0.26266166495741
48.297000,0.16652861761160445,0.050631934257705465,0.09120284167576143,0.12415016508250146,-0.024310074340650883,0.15665810615148906,-0.12087361638680302,0.22790052572870287,-0.22562288936959948,0.28644614733762347,-0.33765134843510314,0.3294534067144527,-0.42623524393508383,0.41040335085986784,-0.1231165899335214,0.25924134013407507
48.347000,0.1665086023413136,0.05091853767628316,0.0911148869141586,0.12441342226193196,-0.024688973805086223,0.15586919823723228,-0.12024764067430194,0.22845391554092498,-0.22602948657431798,0.2851125519345469,-0.3374335386207758,0.3297122961888338,-0.4267892113915647,0.409809510518616,-0.12548345656111234,0.25606983340008305
48.397000,0.16648165016212918,0.051296816359102104,0.09093912105846332,0.12460608136441166,-0.025115274414344163,0.15512455595494218,-0.11972121525178839,0.22894674745732202,-0.2264818037302231,0.28373887050194385,-0.33723672849548636,0.3299270360881641,-0.4274135056370857,0.40909867788158955,-0.12990156515928006,0.24970452325494996
48.447000,0.16645780293174897,0.051422990708495354,0.0906988943478539,0.12459048112999932,-0.025560959070754757,0.15431667299918,-0.11919822974953262,0.22936373516559352,-0.22689546019063903,0.2822911057342695,-0.3369242432086156,0.3301833484002553,-0.42796777781051876,0.4083567121961422,-0.13203584990780684,0.24642560071859765
48.497000,0.16671150221401188,0.05225652836205258,0.09048382644924832,0.12472287928734345,-0.025957015306975112,0.1537320221748442,-0.11871389328976681,0.22986454864594824,-0.22730962048146106,0.2809230252750313,-0.33660698562065583,0.3304617573299027,-0.4285816039649678,0.40753749657648036,-0.13401039227308523,0.24322115500080538
48.547000,0.16679236033113945,0.05264727438569126,0.09027588641081412,0.12498224152045921,-0.026319923784598936,0.153362111750246,-0.11827621021609208,0.23045972119305325,-0.22772498267157248,0.2796630361890354,-0.33628205920657517,0.33080363780086175,-0.42923360204425576,0.4066983720103353,-0.13461600960860415,0.24260856536545378
48.597000,0.1669768599003686,0.05321598433753534,0.08996962329820564,0.12500643736140343,-0.02674836125508115,0.15287957970973345,-0.11794523170403903,0.23087400779415315,-0.22820298744708128,0.27823672832150426,-0.3359759874211325,0.33100964254603227,-0.42994506669907756,0.40564081655744655,-0.1365985206209923,0.23933833520397718
48.647000,0.1672535552080674,0.05384068253374135,0.08973352700151786,0.12509282616371442,-0.0270767743709677,0.15257652059324847,-0.11755280370670565,0.23140600811391543,-0.2285818732951347,0.2769312285802324,-0.3355211651363096,0.3313737474332158,-0.43055142292985626,0.4046489144257993,-0.13852662723007086,0.23599536268376195
48.697000,0.16742091365961645,0.05419431234550163,0.089391785860394,0.12487065956007569,-0.02746068515072206,0.1521745048414514,-0.11720249853124692,0.2318388437397028,-0.22893827326417499,0.27560088932488613,-0.3349461302880313,0.3318355249969386,-0.43103925121405223,0.40371119608714623,-0.13936436876507136,0.2347041189553406
48.747000,0.16745942259862676,0.05429311220888456,0.08884284544308055,0.12441702664615517,-0.028005596546638617,0.1517381099523882,-0.11702712009903579,0.2322065406229576,-0.22940081121691416,0.27430349468712584,-0.33440192856810613,0.332396225342296,-0.43154642217588157,0.4028444145213659,-0.14163254240506112,0.2304287600829039
48.797000,0.1675522577949967,0.054457166369132295,0.08812998075667934,0.12367613016442013,-0.028690620522667437,0.15111601179878786,-0.11708834430223675,0.23226921518673405,-0.23004291286030687,0.27278174951377887,-0.3340435667796026,0.3326471316996544,-0.43223335189057016,0.4016309421015008,-0.14342681035262903,0.22692614302508912
48.847000,0.16809156388836122,0.055151874304956806,0.08786232430885392,0.12338256953874412,-0.02894076467790252,0.15089689993999167,-0.11690845153171645,0.23251605252665328,-0.23044406903603878,0.27137044149117934,-0.33352130916785094,0.332812142021391,-0.43284127574517883,0.4001585913569513,-0.14535895020487483,0.22351496989030045
48.897000,0.1693430035363978,0.05674698189064645,0.08786971127238904,0.12352433355612433,-0.028971546022940997,0.15087612663406322,-0.11683789098808697,0.23260436791164796,-0.23103307280867816,0.26947522961411347,-0.33334874057045305,0.332176937162863,-0.43402788084850175,0.3974740329041002,-0.146916966626137,0.21986465907150593
48.947000,0.17010708279547362,0.05763931964590771,0.08781765244065344,0.12343019619992146,-0.028997573329668375,0.1508929532605175,-0.11674420663982796,0.23274970828195568,-0.23150218804117137,0.2678296983415049,-0.33296379533314036,0.33190420376715424,-0.4349192707022491,0.39518991338664916,-0.1489523811457442,0.21460011669969192
48.997000,0.17123742193500333,0.05883458627046804,0.08775064803141833,0.1231769415155578,-0.02901036921560121,0.15086926627442007,-0.11671535075009082,0.23277064730064018,-0.23196880412516824,0.26618683326504977,-0.33259355746895025,0.3315677097845601,-0.4357664860498418,0.392848594307824,-0.1513394568445143,0.20770539935526094
49.047000,0.17191865536295167,0.05948959528929222,0.08765176422352144,0.12276866135174389,-0.029019956302973354,0.15083482655289543,-0.11673472090115311,0.23272573002497018,-0.2324147970042741,0.2646337226369765,-0.3322026331585156,0.3312849623527171,-0.43651893755548155,0.39059860864869234,-0.15244282670357504,0.20389825724903243
49.097000,0.17292686940438504,0.060366221487156126,0.08750661748173058,0.12218187336508554,-0.029012345800942058,0.1508756217336462,-0.11674773661694707,0.2327444265273989,-0.23278982051684458,0.26330968072367456,-0.3316564218229734,0.33131993837774754,-0.43706655830554075,0.38866715388741724,-0.1540354260849611,0.19886540353877447
49.147000,0.1735555894234199,0.06091140660880048,0.08729930503761686,0.12147260395997489,-0.029028472804555977,0.1509318657000428,-0.11686499992895422,0.2326921525312588,-0.23322712467599438,0.2620154525556737,-0.3311669980385609,0.3313536181336885,-0.43764425678710656,0.3866943207800155,-0.15556416996428488,0.19310095686347634
49.197000,0.17433462572653782,0.06176756071805377,0.08703330851655217,0.12068429627495397,-0.029075932868775883,0.15099343788011593,-0.11709108900963591,0.23256139904987463,-0.23372693120250157,0.2607762943334998,-0.3307799996621844,0.3313503823724294,-0.4382591627021951,0.3847191889191191,-0.15643612047520267,0.18933045699743012
49.247000,0.17478766122943584,0.062114925643001036,0.08670965453026955,0.1200564613593892,-0.029086090219723637,0.15154210090814202,-0.11722976712499669,0.23297116342014706,-0.23405795750406497,0.26037871589664746,-0.3301095612959666,0.3323098594228006,-0.4384767604008011,0.3838515916226974,-0.1575659561482408,0.1857104783711574
49.297000,0.17532837504786736,0.06218712458820834,0.08631796588782954,0.11874466272492792,-0.029100530244867306,0.15158626363693886,-0.11736960106505379,0.23287938226662777,-0.23432858695001113,0.2597232944397654,-0.3293542117764952,0.33300446955545104,-0.4385030392483377,0.38286962233291927,-0.15872655513319647,0.18058044058909117
49.347000,0.1756836382679938,0.06231836113960343,0.08588095035756146,0.11750245200327622,-0.02912821928358325,0.1517499467795843,-0.11766345024940372,0.23275311263023968,-0.23474124762956994,0.25907400472392345,-0.3288007605450187,0.33359117073356453,-0.4387393047114493,0.38169019885851774,-0.15992620456997536,0.17519958076702677
49.397000,0.1761784928822945,0.062429220973419366,0.08544524836482159,0.11618870504039297,-0.029128525865594168,0.1518657320829758,-0.11801903932318508,0.23247886139356555,-0.2351910145435827,0.25837728263791543,-0.32835901734112793,0.33400613463711337,-0.43904054545361904,0.38036990642806506,-0.16103247384704766,0.16992340661040037
49.447000,0.17645158893487548,0.06242752575791678,0.08496509082908307,0.11477344314868096,-0.029090149135853283,0.1520749476296064,-0.11836640952391903,0.23226066537985346,-0.23558572488259916,0.25794396942823994,-0.32783629033166495,0.3346892179738507,-0.43919886848898304,0.3793924190466496,-0.16154029576512843,0.16700925288091945
49.497000,0.17684951612069563,0.062370120141406096,0.0844943907936836,0.11330823971394179,-0.029017094707374985,0.15223307316692875,-0.11876518405822628,0.23189034187400656,-0.236011810052967,0.2574486808820288,-0.3274339822564982,0.3351788965615696,-0.43943455195821945,0.37825873391606407,-0.1624667517392232,0.16221558563974153
49.547000,0.17722909464790504,0.06265280939085043,0.08404383034727614,0.11186628097418162,-0.02886087206693186,0.15251758072823418,-0.11916343032876275,0.23154572723342057,-0.23640817474801756,0.257112696268867,-0.32704216346319726,0.3357605192443993,-0.439647874651132,0.37723284503636034,-0.1623098695542279,0.16204660267818116
49.597000,0.1783976135278865,0.0641956381619745,0.08399052392067177,0.11124577879805703,-0.028403020990067224,0.15328969705493717,-0.11955478672543365,0.2313368341150135,-0.23685059633408576,0.2566684950990139,-0.32701774311004417,0.3358511045674278,-0.44029683150191246,0.3754471666582139,-0.16326846071952936,0.15581734165933497
49.647000,0.17915840089234555,0.06519896137284864,0.08414762329297457,0.11080591771240639,-0.0276626876563143,0.15437717389607802,-0.11970554357719454,0.23137141182281273,-0.23701265789703851,0.2566506707112052,-0.32674002556854526,0.33633127996295986,-0.44063339573512467,0.37412413950146906,-0.163076214980975,0.15429617535599569
49.697000,0.18008345931378442,0.06655540039012063,0.08411301361714617,0.11020508832868603,-0.02708383466854894,0.15531895461531772,-0.12004249498727482,0.23120497092757872,-0.23733305355213574,0.2565609341619232,-0.32669412271589426,0.3366521279219483,-0.4411364451679155,0.37274859356316037,-0.1640082008388734,0.14815178973572848
49.747000,0.18066125395781782,0.06741998387688575,0.08406703490781953,0.10956964510776551,-0.026448382945342935,0.15632798571926393,-0.12036851063633208,0.2310207538732649,-0.23760584149217312,0.2566216963129023,-0.32664935316549615,0.3370657950951086,-0.4415905166006945,0.37154084329178083,-0.16394320122353145,0.14684307619965004
49.797000,0.181451791811201,0.06850233967468164,0.08401240067462641,0.10881909844908694,-0.02580715280447407,0.15718918914210703,-0.12072105053548099,0.23061501578033905,-0.23788507806814346,0.2565493685257881,-0.32670911500188865,0.33723573951117947,-0.442099608418238,0.37017559423355806,-0.1641122048032117,0.14381546607585072
49.847000,0.1819266808088261,0.0690719929831437,0.08394424064405366,0.10791832399559176,-0.02509513447872036,0.15802236248387097,-0.12101389129971296,0.23013055959013082,-0.2380566709937234,0.2566067323025774,-0.32669093932094023,0.3375015187730219,-0.44247285578433343,0.3690379710158447,-0.16423084292462445,0.14110103462049944
49.897000,0.18252601311956695,0.06958372900099263,0.08386408990686577,0.1068900985931239,-0.02438150672217454,0.15868672792769656,-0.12131873230289089,0.22941984815233613,-0.23821750380236514,0.2565247779975452,-0.32675422634575924,0.33752631354640994,-0.4428822940884274,0.36776324266221583,-0.16314010113625663,0.14637013381694142
49.947000,0.1827150408216979,0.06963512820664018,0.08361535941345605,0.10546296580032173,-0.023701292961144066,0.15915780840535412,-0.12159323539703945,0.22856362661486396,-0.23826871905895,0.25661414373846236,-0.326666819186037,0.337766937179821,-0.4430608389509212,0.3669633780897714,-0.1633392979582988,0.144320226874536
49.997000,0.18307278077943398,0.0700270342562988,0.08339801559028262,0.10418965684865203,-0.02302329974500994,0.1596378636934746,-0.12192850476276088,0.22759196894397915,-0.23837746266735968,0.2565685146824367,-0.32679257229689007,0.3377027761827302,-0.44343855642741803,0.36587571330722257,-0.16328338142971913,0.14467214862338412
50.047000,0.183241493719271,0.07106644124514039,0.08308179333170035,0.10361456294121246,-0.02247476188153294,0.16069182331244758,-0.12251794648913666,0.22695916982194547,-0.23874007840543116,0.25683250329232055,-0.32737282811955853,0.33772895363163824,-0.4442770349074994,0.3648104313429086,-0.1635677717674089,0.14349731861883663
50.097000,0.1832657048445618,0.07170766710295172,0.08270120171876917,0.10297730237546635,-0.022015356567810035,0.16158141843342705,-0.123200654336031,0.22609138279410998,-0.2391820566989179,0.25688609372779503,-0.3281435907687832,0.33742083990569866,-0.4452783171958885,0.3634872118655008,-0.16432010403743852,0.13993387436070587
50.147000,0.18322217287096249,0.07215682769170932,0.082219924127572,0.10197440170435854,-0.0215634367228536,0.16221569982976242,-0.1237891830611651,0.22506390398786438,-0.2394527153592415,0.2570318132948336,-0.32870936005757806,0.33723936418121747,-0.44600434325556887,0.36257484910378446,-0.16434991016551206,0.1411750709981232
50.197000,0.18342576664821034,0.07319368775085132,0.08185931436555391,0.10119738470486547,-0.021024956673358575,0.16296166866210754,-0.12436097327749268,0.22396714114048505,-0.2396962269154721,0.25709989320012433,-0.3294141176184011,0.33679117305214823,-0.446866925811194,0.3613846240739077,-0.16516649240106845,0.13763465425034777
50.247000,0.18367621510695673,0.07411755091208942,0.08181929103209774,0.10097144196189052,-0.020263371678576864,0.16405178734611892,-0.12481843725711256,0.2229435377179849,-0.2398442790854462,0.2571349944000546,-0.33025784537628056,0.33603611624786645,-0.4478842771888045,0.359785274880858,-0.16517476890715937,0.13900733293359585
50.297000,0.18384018044003458,0.07500329556158676,0.08166837999385568,0.10035826669559317,-0.01957682736619487,0.16477416524987937,-0.12523840561944236,0.22165677138761752,-0.23989658471560163,0.2570616010902914,-0.33098461588809014,0.33518311270416506,-0.44873043089072806,0.35833312456439664,-0.16563307779736508,0.13579645776582966
50.347000,0.18402483945552178,0.07589088466670706,0.08150796877461874,0.10008942998236905,-0.01898547769280276,0.16567195217463826,-0.12570472591456272,0.22054455060939782,-0.24000231477378092,0.25709672128323185,-0.33183823036816634,0.3343376729017927,-0.4496879998870836,0.35695253138770994,-0.1657268633815113,0.13613758683778698
50.397000,0.18428926963354259,0.07724407256446796,0.08144857678921162,0.09997952474993194,-0.018260269804150908,0.16674887333909574,-0.12608073611095535,0.21942474110967214,-0.23995418772089896,0.2572775748006631,-0.332670813964943,0.3334591159896036,-0.4506040583404479,0.3556345499440368,-0.16580068990680663,0.13714038830030068
50.447000,0.184433450535259,0.07811785871851108,0.08137616178403334,0.09989430377927908,-0.01755694187792095,0.1678077855028144,-0.1264369107435506,0.21825728876914502,-0.23984138838196548,0.2574927886583813,-0.3334977048086979,0.3325160809973322,-0.45148692236245513,0.3543917419256811,-0.16576612622273568,0.1385270499574554
50.497000,0.18459740341281783,0.07934225415184011,0.08130625797361313,0.09987541748785123,-0.016920381466667356,0.1688067405875066,-0.12679891985626415,0.21704268985116187,-0.23972587768295275,0.25763212438786437,-0.33436784327381586,0.3314081255609954,-0.4523958169402028,0.35307370730270354,-0.16569933495937916,0.140317854287898
50.547000,0.18464689255672337,0.08006726002649005,0.08120272422123248,0.09985922633723543,-0.016317131112656535,0.16978688764273958,-0.12714168605026038,0.21580773099531206,-0.2395331714423355,0.25785715443206036,-0.3351987837281215,0.3303008610323276,-0.4532340291227851,0.3519267909457795,-0.16607300465711028,0.13836453519369862
50.597000,0.18464792663767945,0.08088082756458671,0.08108736474005453,0.09986203562335363,-0.015802782685914202,0.17065962973342197,-0.12751430621502435,0.21448354456088864,-0.23936443309132915,0.257952488851664,-0.3360897347074044,0.32897513332002465,-0.45411765121189257,0.3506410264613092,-0.16596600050643612,0.140998934441059
50.647000,0.18453187580728292,0.08092359910302924,0.08086649028954793,0.09953224384544668,-0.015229946854804555,0.17140348091785193,-0.12767290832082412,0.21331505934498204,-0.23881343928373416,0.25856748881147296,-0.3364589851014423,0.3283195306634582,-0.4543944582088612,0.35048310654118164,-0.16581538224702638,0.14410385433787548
50.697000,0.18446422799938686,0.08102276485207802,0.08074851160020309,0.0992943393229236,-0.014619794711682177,0.1721289887090669,-0.12773668896159002,0.212186050948517,-0.23814889874179918,0.25918758210922543,-0.3367293933107982,0.327611891316784,-0.4545520790130909,0.3503674342437002,-0.16539666699753142,0.14797509485552512
50.747000,0.18438810093588232,0.08094522724483612,0.08061508969716596,0.09897501761084727,-0.014042522851572065,0.17273094202762201,-0.12778826625010287,0.21096581954430255,-0.23740609142985908,0.2597913497806492,-0.33694826160647057,0.3268089322238448,-0.45462128978923194,0.35032612674825675,-0.16477728342004727,0.15234434795117283
50.797000,0.1842658475651948,0.08081938967740607,0.08049151968766685,0.09874471637648163,-0.013531586683094704,0.17330781360555636,-0.12785239312853425,0.20978730392085984,-0.23666457904963095,0.2603828392483242,-0.33717304039281376,0.32594234808133704,-0.45467511870660465,0.35029930995961245,-0.16410314336417642,0.15681020169531315
50.847000,0.18417150211645233,0.08068368674504965,0.08037571512292285,0.09857005847735764,-0.013067568970281829,0.17385852145726316,-0.12793013310501644,0.20859454541502148,-0.23589130815020276,0.2609814205161632,-0.3374036874825675,0.3249754580687511,-0.45470134038340176,0.35029858236168493,-0.16323781695790626,0.16157432904250407
50.897000,0.18395869204858,0.08037829457971478,0.08023205049244393,0.09841828493931899,-0.012707053617685177,0.1743282508674271,-0.1280566090470089,0.20741117791835945,-0.2351591218972849,0.26153189244760894,-0.3376603845523114,0.32392973819668275,-0.45472809676281645,0.35029544997919204,-0.16335696572049543,0.16157832371431913
50.947000,0.1837786073501509,0.08010707064803715,0.08004859844923577,0.09829108683208633,-0.012452639922087977,0.17473401259877516,-0.12825546302728882,0.20619360828698324,-0.2344614367238627,0.2620531746222375,-0.33797637476635833,0.32275455518362395,-0.45477607445193824,0.350283270252771,-0.16233652529412457,0.16679169368782054
50.997000,0.1835665522846883,0.08000992712482255,0.07989863989400793,0.09835829824667874,-0.01226321923854401,0.17521004977933224,-0.12847592685558515,0.2051200244983124,-0.23380120143175218,0.26262295080620107,-0.3383168509884108,0.32158462476463473,-0.4548279546788996,0.3503102703807215,-0.16117490586062663,0.17232420663285514
51.047000,0.18340452039321165,0.07979549458921936,0.079778009161492,0.0985579484857472,-0.012135407894654254,0.17570666047184624,-0.12871966093565884,0.20413397025076838,-0.2331683070206026,0.2632142574076026,-0.33867728026512206,0.3203794265629894,-0.4548715171139333,0.3503610763132595,-0.15983829065867855,0.1778289621790204
51.097000,0.18306297192714802,0.07935150295044416,0.07963709623226002,0.09873984738819672,-0.01207662513353644,0.17612584844062334,-0.12898888317423507,0.20317254501070092,-0.2325205095550617,0.26384545760952194,-0.3390017038037704,0.31917858755328493,-0.45482659129832587,0.3505568499321531,-0.1583897513249138,0.1832574652265851
51.147000,0.1829020425037009,0.07912843453275235,0.07949306765510608,0.09901463286787339,-0.012106604845396468,0.17653559744465686,-0.12931483910960068,0.20226942299309084,-0.2319172861081189,0.2645007484087617,-0.33936683529738043,0.3179291526423672,-0.4547776828512332,0.35079762146893023,-0.15819430777857904,0.18442055576011782
51.197000,0.18272870884163195,0.07906744053762474,0.07942495816321235,0.09952859383934942,-0.012156480667225161,0.17707109851075323,-0.1296243100011966,0.20159270253701272,-0.2313356079191217,0.2652701072065964,-0.33971344903766965,0.3167894584529415,-0.4546878965116725,0.351153341037772,-0.15800437983153479,0.18512904561192517
51.247000,0.18260542133451277,0.07868619592769155,0.07946662446739199,0.10007282001126115,-0.012211848889399746,0.17750057673270417,-0.12991808853659892,0.20085097572043575,-0.23075815630959373,0.26589927107822,-0.34006817358324176,0.3154100792246718,-0.4545697731514519,0.3513180684584999,-0.15627238628343024,0.19103927285053324
51.297000,0.18231993542053546,0.0781054146002059,0.07943155595473957,0.10036958197867495,-0.01236836149667453,0.1776533134122648,-0.13026187597429414,0.20003900603267413,-0.230222544755024,0.26643075772696106,-0.3403755789615792,0.3140365247617932,-0.4543514398396762,0.3515798748366974,-0.15433567163677403,0.19688721205701257
51.347000,0.1822135534888629,0.07794821090048248,0.07943239065450443,0.10094458738574019,-0.012659011666259573,0.17788075322518568,-0.130736589110445,0.19927434346820594,-0.2298966626186978,0.26685599644845515,-0.34091992255955966,0.3123953832699288,-0.454358286854002,0.35153280150567506,-0.1534361259869833,0.19948388427331382
51.397000,0.1820704171376773,0.07755936853597499,0.07953061186220904,0.10160069991677853,-0.01289847813078318,0.17813084630250306,-0.13112315534811428,0.198696003312887,-0.22954183498600653,0.267352856501843,-0.3413450437952158,0.3109423334367431,-0.4542338425592929,0.3516377768226897,-0.1512822404775482,0.2052838435004478
51.447000,0.1819718239471735,0.07729983152882641,0.07965229097321896,0.10229963909477785,-0.013234394134040317,0.17827373816666303,-0.13158988914773473,0.19807214214433605,-0.22927281434593338,0.267771827399888,-0.3418645803642686,0.3092819975377283,-0.4541357641361886,0.35165157736160346,-0.1485444336764099,0.21215549699630343
51.497000,0.18187022337566372,0.07701645384832484,0.0798341300657008,0.1031826024441502,-0.013556853452463796,0.17853593148480584,-0.13201348007602773,0.19771997717295392,-0.2290091597695222,0.268372918518638,-0.3423153082584395,0.30789148016512746,-0.4539432569688443,0.35192784089926576,-0.1443704537006395,0.22166522424170487
51.547000,0.18181128156394044,0.07680464381642192,0.08006463213613159,0.10410104885245226,-0.013938303658562218,0.1786895738544821,-0.13248017716075403,0.19733962014370388,-0.22885049629530593,0.26884319760598474,-0.34284591712868806,0.30632711454405437,-0.45379896955755306,0.3520372901805311,-0.14090919893879716,0.22886692880134102
51.597000,0.18172680637220442,0.07639714525492232,0.08033365291288685,0.1050259371160272,-0.014296867340437475,0.17881661834736604,-0.13289323992267293,0.197116902780552,-0.22867092688290852,0.2694123706920817,-0.34327471636712487,0.30499286304192663,-0.4535166427323383,0.35239241653441034,-0.13724830591084503,0.23589376647969826
51.647000,0.18168136264914503,0.07610609041990202,0.08065180006758221,0.10598084413810059,-0.014695866823574766,0.17884251045457256,-0.13332937337840273,0.1969005037679379,-0.2285750476193415,0.2698954456364598,-0.3437548904272121,0.3035644790463188,-0.45324903550918794,0.352666741649657,-0.13324817174168713,0.24300825690243555
51.697000,0.1817227489622399,0.07567441445959729,0.0811222091197359,0.10698185289576953,-0.0149779123454796,0.1788481638566929,-0.13362837043065712,0.196794439124328,-0.2284097353693525,0.2703912655298214,-0.34410475510419447,0.3022450315226636,-0.45283956207125087,0.35300664844163804,-0.13090660897565987,0.24685514589751703
51.747000,0.18177859009950867,0.07542452701605774,0.08158262902259424,0.10802027513421429,-0.01537584466012426,0.17872426640070202,-0.13403245981295825,0.1966297873468605,-0.22844718233757155,0.2706963801567146,-0.3446348637487604,0.30070342413393847,-0.4525985641564165,0.3530850945376196,-0.1266320792670777,0.25347243219751375
51.797000,0.18169895730556762,0.07492510439838168,0.08199867893250155,0.10898875951240096,-0.015799391638736865,0.17852678790365656,-0.1344329635014916,0.1965843521658874,-0.22851011678655625,0.27107924615049855,-0.3451167647940216,0.2994145534624565,-0.4522760247056283,0.35342282148871956,-0.12463838162358212,0.2565804177350606
51.847000,0.1817282916349394,0.07443037578918901,0.08256048835627099,0.11000184181135905,-0.01617818787428041,0.1781976907601907,-0.13477878672653426,0.1964705653667132,-0.22863245171105467,0.2712468287425712,-0.34563825795682385,0.2978859222281057,-0.45199550993635734,0.35345691242198696,-0.12133186023973647,0.2614188222757786
51.897000,0.18149868116170242,0.07355573980925686,0.08290557152212308,0.11077008255153006,-0.016695997785733885,0.17769935365695338,-0.13522118995676127,0.19645511955021,-0.22882930177648134,0.2715385483790056,-0.3461511131810612,0.2967495089046874,-0.45164028208922347,0.3539512153851338,-0.1179356441142709,0.26588046252433084
51.947000,0.18128458457366398,0.07276053118789741,0.08324410607984585,0.1114118706077326,-0.017249407432945202,0.17699428999037575,-0.13566881306875395,0.19640676929431622,-0.22908310764107725,0.2717311979104637,-0.3466820839467009,0.29561593698108146,-0.45126050117059796,0.35446621010647694,-0.1156882651525131,0.2690321095650127
51.997000,0.1812088285989891,0.07192275893496201,0.08373889728730556,0.11212201030731678,-0.017669257827846258,0.17628107884883087,-0.13598215396597815,0.1963324779869175,-0.22933640089061516,0.27173131472248024,-0.34718490863300666,0.29435274754363283,-0.45093904032000776,0.35464437347839795,-0.11230610654932388,0.2732421355808543
52.047000,0.1811537599550396,0.07149360644033816,0.08429408956266601,0.11300611059491578,-0.0181394961402426,0.17551499410515647,-0.13632327057401183,0.1963139233983492,-0.22974076197800075,0.2716343873788208,-0.3478298680262777,0.29296424982392943,-0.4507469308334572,0.3546738777675974,-0.10991244111424636,0.2761676623954507
52.097000,0.18123694161853973,0.07120579918679597,0.08502108951601746,0.11426002066733282,-0.01844447620060219,0.17504551820521502,-0.1364884712213847,0.19662363766597807,-0.23007652439599363,0.2717320679712184,-0.3483780609189382,0.2918503794369674,-0.45051947015543625,0.354835556416672,-0.10536080366589387,0.2814609718530002
52.147000,0.18129964377782012,0.07092303916429067,0.08573023530776847,0.11534412323735484,-0.018801101165727696,0.1742779818846734,-0.13668195080172768,0.19673027105693022,-0.23054517112915313,0.27149453972682536,-0.34903611519859856,0.290465469422186,-0.45042613000802567,0.35465320109216736,-0.10079685541526007,0.2868091615984265
52.197000,0.1814206952128252,0.07051650174889162,0.08649279988746575,0.11640850512562434,-0.019051595443716707,0.1735082478060816,-0.13673944813249592,0.19695114288108206,-0.23091916369953178,0.27131633081001005,-0.34956162928547063,0.28931536855316986,-0.4502196255813139,0.3546450538555124,-0.09503669394863401,0.2931101975079712
52.247000,0.18150359197049235,0.07024496131555272,0.08727062944134747,0.11744468268105292,-0.019306579062554147,0.17259265297476123,-0.1367729071069573,0.19712144780374286,-0.23137022546142086,0.2709546880153264,-0.3501446065668783,0.28806159869527204,-0.4501037026282835,0.3544557182736312,-0.09071793672598552,0.297486929744637
52.297000,0.18157209067521596,0.06985903790455374,0.08803594829786944,0.11846916565634805,-0.019513461004649096,0.1716962692660628,-0.13672537095931675,0.19741334850881592,-0.23177449020379004,0.27066404769216,-0.3506498687869916,0.28705442190078906,-0.44993707621755125,0.3544491579017587,-0.08795924852335435,0.3000934272906122
52.347000,0.18157477679648476,0.06961936711124894,0.0887464506270702,0.11947972808459523,-0.019784875433162208,0.1706749550457829,-0.1367106027874872,0.1976633652001756,-0.2323122632230996,0.27019144612028123,-0.3512729494290923,0.28595073345818456,-0.44993626231230816,0.3542555699700187,-0.08416195047311836,0.30376954426946584
52.397000,0.1815508325723896,0.0692598650927104,0.08944509447581922,0.1204755569921489,-0.020001204014413076,0.1696843747668828,-0.13660542247834995,0.19802967837108443,-0.23278546994584026,0.2697889876567171,-0.3518059382389848,0.2850902335955361,-0.4498802915720828,0.3542380550962492,-0.08196354904310638,0.30576355191594773
52.447000,0.1814526853099543,0.0688749566161963,0.09012009624348684,0.12137056016412412,-0.020206682838316947,0.16857227428825747,-0.13643329569708693,0.19842816894520932,-0.23323736933357023,0.26934340929992767,-0.3522936488387248,0.2843634714049123,-0.44979061727367686,0.3543230392606791,-0.07998143544675432,0.3075225860090509
52.497000,0.18116976542370816,0.06817998284991755,0.09059155329178452,0.12205474268945606,-0.020512157667726155,0.16739749746922347,-0.136297700747931,0.19892063204262905,-0.23368890084143,0.2690273659825658,-0.3527477848039834,0.28402677092047546,-0.4496534362324308,0.35480314212277064,-0.07827603660492888,0.3089270809609901
52.547000,0.18099238405254692,0.06782487822349502,0.09111021708640084,0.12276799471400532,-0.020752233252569946,0.16620521612646516,-0.13607258934668462,0.19938978285972594,-0.23413199842978552,0.26855879534472593,-0.35318400571954567,0.2836126837344516,-0.44959053355862566,0.3550674343628014,-0.07687842528697084,0.3100147708136698
52.597000,0.18088724637936696,0.06754506242572783,0.09172194678260165,0.12363712046087089,-0.02087193026639786,0.16514156420977216,-0.1356774092018866,0.20006579657393964,-0.23446222304041187,0.268194795940741,-0.35349026635213354,0.28343700395759674,-0.44945009528533864,0.3554905342732313,-0.07581206425922504,0.3107771516111502
52.647000,0.1808890672373077,0.06748557608780383,0.09239106566291416,0.12464504128945988,-0.020937564755201477,0.1640990845240114,-0.13520764169094213,0.20073717286251017,-0.23483122869824335,0.2676336668797459,-0.3538301313803099,0.2831017359403615,-0.4494662873260051,0.3555843247181497,-0.07373555832316447,0.31269903299446156
52.697000,0.18090331250009464,0.06741747597470413,0.09302970210390774,0.12557788244488977,-0.020957613413947,0.1630864401488327,-0.13465304270936468,0.20147067333548957,-0.23510408717491377,0.26711812313955535,-0.3540522801456669,0.2829714315951954,-0.4494116949872583,0.35581772183063853,-0.07321007959847373,0.31319820043586544
52.747000,0.18087459260028635,0.0671816047364316,0.0936462502115882,0.12629215142503475,-0.020945754439406855,0.16191058022342975,-0.13402672700582538,0.20206893730427755,-0.2353199514522624,0.2664093031817244,-0.35419720720391934,0.28278605697956544,-0.4493421922731433,0.3559121933206653,-0.0719606374631187,0.31443735564924424
52.797000,0.18078751735738094,0.06737275948702359,0.0941547250363908,0.127185804994092,-0.021005976088052547,0.16092025143563812,-0.13342487636129471,0.2028963262273839,-0.2355971361689382,0.26583144573702555,-0.35438228585517195,0.28286341651013686,-0.4493828031472765,0.35617713654163596,-0.07097512513844814,0.31523601312764143
52.847000,0.18074560823967092,0.06740720416966085,0.09464187274297917,0.1280911149409379,-0.021060356340494163,0.15991868451694297,-0.13278360318100174,0.20371270369096944,-0.2358882887654427,0.2651083371719719,-0.35456314978733144,0.28289252569535767,-0.4495194390263218,0.35626352224004965,-0.07164190648953847,0.31481954263384326
52.897000,0.18071923485872332,0.06735392929934174,0.09513338555663978,0.1287893515975299,-0.021044739527905976,0.15883337349606494,-0.13204434167415421,0.2044303944883909,-0.23605287973990027,0.264282077918569,-0.35459320118150117,0.28294198661400216,-0.4495589559762031,0.3563007312616073,-0.07167767329032662,0.3151210828759795
52.947000,0.18066735306515838,0.0672905237532912,0.09553947741477062,0.1293405365263532,-0.021078386019992706,0.15762964976644733,-0.13130862508890692,0.2050563763539952,-0.23624474246103408,0.26326643794873245,-0.35462148121482884,0.2829374247571232,-0.44967595626811574,0.35618117378967856,-0.07219315552626421,0.3147475264405559
52.997000,0.18055152661947663,0.06720945700351219,0.09586875855419567,0.12983499689538008,-0.021131839641141292,0.15649695522430426,-0.13057113425100703,0.20572134750389487,-0.23640039607005153,0.26229136909515927,-0.35458608436377664,0.2830794205319436,-0.4497824383609255,0.3561386717301974,-0.07314093221637227,0.3139776567981933
53.047000,0.18044274023402992,0.06715656410706852,0.09610508197212177,0.13025601739083326,-0.02124411411203314,0.15533920256342515,-0.12985010887130705,0.2063758355082868,-0.23658456442298825,0.261218847807815,-0.354543481033489,0.2832573139993831,-0.4499604427076608,0.3560282108254469,-0.07464422486425859,0.31272711898535
53.097000,0.18029185492006025,0.0672447813282439,0.09629287587275409,0.13062830797980596,-0.02135550364429506,0.15426850250126317,-0.12911415446538027,0.2070707105348239,-0.23671184361278635,0.26020014955066706,-0.3544125242601717,0.28357855358392264,-0.4500988068623198,0.3559949558818955,-0.07692054325731279,0.3106676548594893
53.147000,0.18022298480959656,0.0673229059894829,0.09637586722208952,0.13107225462994337,-0.02156417721446735,0.15321149390758343,-0.12849735672478785,0.20766601731567788,-0.23701391762002827,0.2588925339980588,-0.3544400133547934,0.28361321437796094,-0.45054882735193774,0.3554679001629051,-0.07651578701843403,0.3111352303556875
53.197000,0.18000757832685102,0.06774692472852921,0.09629101854391944,0.1315919466726007,-0.021909118027854946,0.1522976877590283,-0.12805080880934117,0.20827930507874393,-0.23746520533235171,0.2575590152382735,-0.35460105645996703,0.2836203348585603,-0.4512185519149124,0.3547895667687713,-0.08251099932151915,0.30561358255089766
53.247000,0.1799494842320403,0.06779915596502042,0.0962643908303442,0.13176966784191047,-0.022152092869704376,0.15119996346797132,-0.12744442574154574,0.20876318643546485,-0.23771213995382462,0.2561027175104471,-0.3544965002334952,0.2836964340790441,-0.4516493446965941,0.3541331064360548,-0.08582610734735865,0.3029129426553692
53.297000,0.1797352752130377,0.06783094343124366,0.09614900265414712,0.13183848002695997,-0.02244668734291211,0.15014318745759514,-0.12689686308163894,0.20922077024623886,-0.23796011039230686,0.2546625472450473,-0.3543576433227243,0.28384497907846734,-0.4520770400835907,0.35349352175304327,-0.08914446379333146,0.2996524723559082
53.347000,0.1796013762104295,0.06785746114519707,0.09593218687755722,0.1318104359357424,-0.02281715095896686,0.1490903307093418,-0.1264112208007608,0.2096565646488353,-0.23824933666455658,0.2531564018903262,-0.3542085446315818,0.28403458330795567,-0.45255971666304684,0.35278810656340065,-0.09282478180070217,0.29587773872538714
53.397000,0.17942648301441186,0.06792071791026484,0.09567205802527975,0.13172402213785472,-0.023203350766025865,0.1481141772530415,-0.1259680156288082,0.21007726025929638,-0.238527062004428,0.25167607128811104,-0.35401577027944353,0.2842699090641132,-0.4530304504370194,0.35206440082629786,-0.09687008789006454,0.29168060182407873
53.447000,0.1793520215949903,0.06798606919032943,0.09539576160316189,0.13157630280274119,-0.023584786258750545,0.14718492959945703,-0.1255213673365102,0.21050106844396752,-0.23877631773914904,0.250166118668262,-0.3537410258512842,0.28456257035577714,-0.45348010567393504,0.35128674855327047,-0.09741128179164107,0.2911805509651262
53.497000,0.17953032872871044,0.06890109981822741,0.09517308398270616,0.13176890752136095,-0.02390209827501405,0.14663836919695886,-0.1250990392068228,0.21113006716524818,-0.23902395259180848,0.24882773426876842,-0.3534618994662709,0.28493806945926003,-0.45399729400038286,0.35045626847455547,-0.10154756327921333,0.28666329751509356
53.547000,0.17971275176837423,0.06963432151771876,0.09502294687069905,0.13214826428096652,-0.024134153022136978,0.14634634658825005,-0.12463604572629336,0.2119159246082521,-0.2392136095830921,0.24758077929797417,-0.3530890042869098,0.2854277670331904,-0.45449799586440387,0.3495855134576594,-0.10896695469714829,0.2778892980701859
53.597000,0.17990642282390465,0.0702887125509014,0.09481961105675513,0.13233988078682263,-0.02441228014774069,0.1458955482187071,-0.12432848824639944,0.21235419219499757,-0.23952872453012122,0.24595338206750295,-0.35285258464167835,0.2854211249642934,-0.4551958351654146,0.3480778011626769,-0.11296219933741633,0.27305192205566026
53.647000,0.17996652071208957,0.0706395108598504,0.09443289435508431,0.13209589446185663,-0.02483708131805476,0.1453122821275013,-0.12410023781028301,0.21274243682997135,-0.23983628736841012,0.24444680297532256,-0.3525014299801864,0.2857574025868969,-0.4557238563662418,0.3469548755002045,-0.11400874727548552,0.27185060894335256
53.697000,0.18005053678642247,0.07091656362605417,0.09402187845911819,0.13167464263503695,-0.02526644745941492,0.14472436675295652,-0.12391071620421196,0.21305670348897243,-0.24011732647718104,0.24299035894343093,-0.35208751460407284,0.28614910047777664,-0.45616286406585116,0.3458845307885119,-0.12157478284469048,0.26124960972606814
53.747000,0.1801379455359799,0.07111462809970688,0.09360458708843311,0.13117491281294608,-0.025685996523359206,0.14420398267836415,-0.1237455881411614,0.21337273640249735,-0.24038620969071764,0.24156786726818438,-0.3516072811276084,0.2866219821571712,-0.45655879411847433,0.34480428119156914,-0.1260453779284485,0.25436447736560996
53.797000,0.18030333115971142,0.07144200665631681,0.093169455675702,0.1306203153138325,-0.026112504242947726,0.14372810070899272,-0.12366726415576801,0.21360705904662042,-0.24069843968914745,0.2401344779424593,-0.3511645418557454,0.28700920751094566,-0.4569889334538809,0.34358833920174203,-0.1304024593170978,0.24714281715967906
53.847000,0.18080699674010126,0.07228151320865411,0.09290755570616398,0.13033948340756937,-0.0263658487622164,0.1435248914106141,-0.12355108936965498,0.2139168583301838,-0.24096874508723704,0.23867759589442233,-0.3506930912149977,0.2872632714257269,-0.45747167441290826,0.3420203181880412,-0.13469921609407934,0.2394786581217503
53.897000,0.1813542996888502,0.07325438143124006,0.09268385418702768,0.13008512051523607,-0.02657032459307898,0.14344329564140929,-0.12347089749685256,0.21422661974011184,-0.24123089455447247,0.23730438160249095,-0.3502202576488037,0.28751711636456156,-0.4579320237504947,0.34041489933541347,-0.1386824161686898,0.23164003105874775
53.947000,0.1818958790528407,0.07407032652780114,0.09248302715285839,0.12980186120409914,-0.026742753498518596,0.14341116786512087,-0.12345955934319047,0.2144453812205903,-0.24153814745097985,0.23583339258919597,-0.34978834162952815,0.28762041278055905,-0.45846065205491565,0.3385156870877517,-0.14190068052291205,0.2248228566069403
53.997000,0.18280904534336537,0.07526878173558246,0.09240558518453991,0.1294682127468758,-0.026786193454238605,0.14337216559593496,-0.12343205958964387,0.21450286613285882,-0.2417958857195771,0.2342514018714104,-0.3493448755468965,0.2874793530542162,-0.4589611018002957,0.3363084728697857,-0.14539484574428674,0.21622593343092866
54.047000,0.18342954101021247,0.07601247315102515,0.0923430463872341,0.12901643704431445,-0.026791898358074273,0.14339923720621772,-0.1234118753555104,0.21456510012510283,-0.24202009433362132,0.23278844753475636,-0.34882935841458684,0.28748562393793065,-0.45935790050260106,0.33421293269735025,-0.14806506334626068,0.20899121860492903
54.097000,0.1843293235163892,0.07705722929036594,0.09226448738832073,0.12844284541835246,-0.026801177592130382,0.14338832710179245,-0.12347691307340564,0.21447842605477196,-0.24229418842720285,0.23128482595149008,-0.3483896513770555,0.2873540041285862,-0.4597840688348636,0.3319778067370092,-0.15095038577673614,0.19999815047446368
54.147000,0.18490212255694946,0.0777151434803148,0.0921517528102095,0.12776216571819882,-0.026817600197727942,0.14345589200827497,-0.12359632143932703,0.21440572720777798,-0.24258805338631223,0.22992886246621894,-0.34793844283476927,0.2873857632097988,-0.4601588355380347,0.32988968610551306,-0.15307085093995532,0.19275989122918924
54.197000,0.18570231210713747,0.07878921912287724,0.09203138209267604,0.12718659377515426,-0.026817993797081358,0.14376446599079368,-0.12373988571592909,0.21451859564695003,-0.24287058906963255,0.22893648434543518,-0.34747975401813047,0.28773208458750393,-0.46045312332502686,0.3281921615443776,-0.15402478088463334,0.18886982562227067
54.247000,0.18602846942483278,0.07915265297153867,0.09180888838461085,0.12633114047327254,-0.026867453729321755,0.14410544215235888,-0.12390407165022171,0.21470214709527646,-0.24313175241398582,0.22829479620054324,-0.34691028427537046,0.2885444128955567,-0.46055156860307217,0.3270886536546405,-0.15654482230662556,0.17888624636358091
54.297000,0.18648963506121463,0.07993893617268814,0.09145632508418067,0.12543421694427448,-0.027020188044156263,0.1444950625953481,-0.12422630796773376,0.2148581939133443,-0.2435290525920924,0.22777543530009628,-0.3465011201867439,0.2893932354470767,-0.4607533265717369,0.32608701334112,-0.15743127776100987,0.17500444711465832
54.347000,0.18700712384963147,0.0806837471114627,0.09126224421965347,0.12470675812449251,-0.0270078132903388,0.14500930713684856,-0.12453060840699376,0.21493286849181545,-0.2439054660795565,0.2271657485883646,-0.34616950258653467,0.28995162946304365,-0.46103054473681304,0.32469268580849,-0.15792329659532833,0.17313331234863877
54.397000,0.18769914196607537,0.08155319917993772,0.09107029111152005,0.12370238247695767,-0.026955962091183838,0.14537733443102333,-0.1248049893161445,0.21484364180526874,-0.2442283374059732,0.22659370169985807,-0.3457860060381438,0.29051584133917985,-0.4611816998445891,0.32343747323496325,-0.16006975299373732,0.16151594496528693
54.447000,0.18840900832580307,0.08266221258880699,0.0911741521866641,0.12334338327361133,-0.026584270919786324,0.1464291751672242,-0.12494840025440507,0.21516415941919892,-0.24442233574970212,0.2263881844099754,-0.3453529903154266,0.29129583395032144,-0.4613165008766897,0.3221578529744896,-0.16089946380293335,0.155299310498815
54.497000,0.1888016443178015,0.08267437669907565,0.0909319748243733,0.12196948593151097,-0.026491697481656556,0.1467016751222339,-0.12529462498573724,0.2148044027961123,-0.24478552325313585,0.22584637867224028,-0.34503429089365634,0.2918023077958315,-0.4614522602404071,0.320903105262203,-0.16154760316267894,0.14955607484615052
54.547000,0.18915739617365845,0.0830478750836062,0.09065785110850076,0.12051322240164139,-0.02637087143212319,0.14705146085444049,-0.12564648667022954,0.2144632715311731,-0.24513609850579982,0.2255191596645706,-0.3447059717286856,0.2924955760065594,-0.46153003582554225,0.31992071133145106,-0.16180117333643035,0.14554722303793124
54.597000,0.1898874806002138,0.08457654028735416,0.09063816717727473,0.12006363262067717,-0.026039319133208727,0.14810581848716897,-0.1260099560697479,0.21448255951790726,-0.2455167296003487,0.22535137176752654,-0.3446552156030598,0.2929646884469084,-0.4619089473920849,0.31849040844467147,-0.16221237414564754,0.13971504974445947
54.647000,0.19018275295207615,0.08485810070727975,0.09045450089234233,0.11896169427523134,-0.025781679013931497,0.14878032067436128,-0.12640555176026363,0.21416255243798124,-0.24589982201922866,0.22516797708968203,-0.3445517858839195,0.2934892038181646,-0.46215898357122315,0.31733342850673446,-0.1626651478520431,0.13520367621619817
54.697000,0.1905696425623122,0.08540350681058904,0.09025641870210122,0.11776899746841019,-0.025504616577089245,0.14938201236803145,-0.12680145710578988,0.21371668496888654,-0.24627049437754922,0.22499272740297963,-0.34449594131392636,0.2939257497782406,-0.46240913228048186,0.31620756738636197,-0.16263289046957297,0.12837152060226922
54.747000,0.1910557938390458,0.08646914211429024,0.09013677797048864,0.11691363991142731,-0.025117873055845286,0.15032569486830874,-0.1271823801745503,0.2134354119209388,-0.24661918997721216,0.2250478389971666,-0.34451997153563885,0.2944411886055213,-0.46272159599715035,0.3151384341635857,-0.1627319242886902,0.12425901012492654
54.797000,0.1914475877366054,0.08724846843055233,0.09009561030233998,0.1158564149371504,-0.024626339851590462,0.15105405907341354,-0.12747359879935016,0.21287995432239393,-0.24686620275336546,0.2249384003372632,-0.3445150723203629,0.29468578929674016,-0.46296514886394063,0.3139102364036497,-0.16248746676163825,0.11989208011340594
54.847000,0.191667507389571,0.0877607308026638,0.08990842794956196,0.11508030759652133,-0.024227922457123685,0.15213288531768349,-0.12789742424020537,0.21256991368208789,-0.24722840839819374,0.2252236173220538,-0.3446877016095691,0.29523566029353565,-0.4633561152411225,0.3130628194457001,-0.16239802279465046,0.11604825268163674
54.897000,0.19213889390656905,0.08847882429995331,0.0897806848696326,0.11368192198161,-0.023722626456723128,0.15263058457677964,-0.128179919788201,0.21169558157044033,-0.24742678430122447,0.225118893524347,-0.3447259438774144,0.2953533120509213,-0.4635689074829522,0.3119770902451884,-0.16232872975162085,0.11046544117041769
54.947000,0.19224371008461244,0.08875085171773157,0.08966911942933481,0.11278004862244606,-0.02318545276385814,0.15357031137006666,-0.1285150551750103,0.2110653097888331,-0.24766852674179227,0.22529380907742722,-0.3449417380068158,0.2955641608011673,-0.4639495070472024,0.3109638649654519,-0.16193055037965295,0.10740154391539733
54.997000,0.19257975351991474,0.0898561130963564,0.08954801279756781,0.11177696838768884,-0.022658541514608582,0.1543174099556531,-0.1288726645135233,0.21016147917586112,-0.24792226553774843,0.22523438481374913,-0.34527015531473154,0.29540124542093626,-0.4644208371968583,0.309653087217278,-0.16178778707784788,0.10476277256170256
55.047000,0.19285612281740544,0.090846030843787,0.08951304767223578,0.11140267465190848,-0.022070095674202816,0.15555244385773392,-0.12926916184053097,0.20948165869595337,-0.24821477736137246,0.22535429390147121,-0.34581980244132615,0.2951630260138749,-0.46511141354864494,0.30818268497329016,-0.1617652657936522,0.10066659568609279
55.097000,0.1929944832282647,0.09145292583709645,0.08940706191778444,0.11043712614737808,-0.021503871176788925,0.15624940528651848,-0.12954477189559357,0.20847165889291625,-0.24835074156912748,0.22535779431877706,-0.346158368043438,0.2948823813610344,-0.4655441551280193,0.30700813254853054,-0.1612207132531778,0.09843767070838473
55.147000,0.19322893533006213,0.09231056532927386,0.08932988488231278,0.1097990370735295,-0.020878258029037033,0.15727708711806399,-0.1298579241865419,0.20751086424260926,-0.24850152923132884,0.22550238952469168,-0.34666688027831255,0.2945209656750318,-0.46614281533302654,0.30572368600539834,-0.1610418566133047,0.09475184132844786
55.197000,0.19337148193625445,0.09327006814469788,0.0892356532313992,0.10915325233617418,-0.02029364333830483,0.15817705464633586,-0.13018540775880047,0.2063828645923403,-0.24865425564263963,0.22549129417396072,-0.34725884513384797,0.2938808762115066,-0.4668097930249666,0.3042525134176116,-0.1608428811509655,0.09359808249254838
55.247000,0.19344520668464593,0.09396688506319735,0.0891245047036594,0.10855447193827844,-0.019706572703006076,0.15910935884849084,-0.1304995620813647,0.20520614295114709,-0.24876376117641263,0.22554278998075444,-0.34788285952705733,0.2931845251902768,-0.4674936839527689,0.30284116436762915,-0.16044961744920497,0.08806458194127659
55.297000,0.1935941901354788,0.09503671901295993,0.08913327385524099,0.10805393351222492,-0.019042520998139273,0.15999618420610384,-0.13071071107492865,0.20393040008127222,-0.24876096901662303,0.22547422982177678,-0.3484798373506542,0.2922286101780104,-0.46814132071350373,0.30123579616303586,-0.16050415813164573,0.09072184059828968
55.347000,0.19370407550859828,0.09578256233926082,0.08901892261802548,0.10769594716037,-0.0185343012500144,0.16091534244621924,-0.13100195359944486,0.2027606190613707,-0.24882410008646452,0.2255189536965604,-0.3491623337492439,0.2913386989197744,-0.4688611077395094,0.2998359631601324,-0.16026485139197164,0.08897913558380835
55.397000,0.1937306916626086,0.09696618779591204,0.08891576540009864,0.10741440531428655,-0.017983129125838104,0.1619362023234312,-0.13127224828707715,0.20150355603383613,-0.24882027430786371,0.22563779682552315,-0.34988842118778485,0.2903311480003775,-0.4696156590586439,0.29841746433052174,-0.1602726511466879,0.08928482489899389
55.447000,0.1937786669538096,0.0977316861797881,0.08887533302260536,0.10725110892409939,-0.017406913393115425,0.1629654167527666,-0.13145277520049686,0.2002955842398154,-0.24870994154634546,0.22580552231385767,-0.3505342950061652,0.2893019871169413,-0.47028111243442394,0.2970929893504633,-0.1600812286681546,0.08698811148293312
55.497000,0.19379640573573698,0.09897214016455352,0.0888052269486637,0.10720091732711301,-0.01688791571035314,0.16402485237970066,-0.13164766710772796,0.19909905171785686,-0.24858870063487576,0.22602106274234204,-0.3512170504935598,0.28820966141833354,-0.47097561441758573,0.295817970485072,-0.16023977067828046,0.08833891234134236
55.547000,0.19379904264769932,0.0997979625058257,0.08873130234206834,0.10722268919778635,-0.016391165059611135,0.16509553989120568,-0.13186015596859085,0.19775916091616186,-0.24844704021255343,0.22617567763241164,-0.3519813560827684,0.28684400081087524,-0.47174577152791325,0.2943596373828999,-0.1600954260320373,0.08570052112461102
55.597000,0.1937744034302536,0.10065950872728748,0.08865232791639073,0.10724356678158037,-0.015974697383619285,0.16600737857822112,-0.13209125187371273,0.19628849106355067,-0.2483213793350469,0.22613070060510415,-0.3527854811296811,0.28518365511408933,-0.4725516880319326,0.2926706895234533,-0.1605195960064405,0.09197270268395824
55.647000,0.1935853978999512,0.10081426122081798,0.08847178230363004,0.10692003527623964,-0.015509457663721943,0.16681913153155936,-0.13213889189268896,0.1950605031536806,-0.24788373750106857,0.2267327420226297,-0.3531353173444797,0.2843704461608675,-0.4728713888579829,0.29232488988396166,-0.16067206755236924,0.09348721030566615
55.697000,0.1932609143431946,0.10073898998466886,0.088170207935365,0.1065640881905684,-0.015194141158860752,0.16752154329872027,-0.13227181170977761,0.1938429995275891,-0.24749683772336314,0.22735707687056564,-0.35351657887766963,0.28356930404202096,-0.4732103215686122,0.2921371484416787,-0.16089102154480545,0.09618553488606757
55.747000,0.19309025394091373,0.1006860193853683,0.08792780911802327,0.10618629371310627,-0.014851664317793,0.16812481032425197,-0.13234328087945535,0.19253218703051678,-0.24700287063851056,0.22793244799403373,-0.3538233102496027,0.2826077960144795,-0.4734610269450137,0.29192534631866573,-0.16111430162759174,0.09819643486715782
55.797000,0.1927209151815438,0.10045799179004786,0.0876224049396523,0.10592695676061367,-0.014664815252142221,0.16867506098492147,-0.13250223387091936,0.19135418735621088,-0.24662040064623375,0.22846273100632536,-0.35418456608671184,0.2816600083087124,-0.4737608176320371,0.2917357249178236,-0.1613572056916437,0.1014877202265136
55.847000,0.19254026691897372,0.10020795252880164,0.0873854786854659,0.10560544773960306,-0.014404834590072774,0.1691564675783246,-0.13256732342394562,0.19007598555258126,-0.24605823095310114,0.22906077628189486,-0.354414224507579,0.28062606170369037,-0.47390357953775686,0.29168472499253595,-0.1618745824799162,0.10506673281529774
55.897000,0.19233902095253952,0.09988254139363563,0.08716592071944919,0.10533342813143565,-0.014192926802138489,0.16957036477212423,-0.1326425177967219,0.18879780332050372,-0.24549004445480274,0.22960755371368485,-0.35463335651008554,0.2794847773090958,-0.47401997501218474,0.29160233987292755,-0.16233922112072888,0.10891402797772248
55.947000,0.19207731797411423,0.09955633054011881,0.08695204942133239,0.10521822613143364,-0.014042161139518533,0.17002694030777027,-0.13274599680620208,0.18761669295004377,-0.24493154423068536,0.23021250200526103,-0.35486270792871727,0.2783283959281219,-0.47412775967054205,0.29158914375843914,-0.1626442072423747,0.11368488178047548
55.997000,0.19175501239539036,0.09908810051484934,0.08665099862070508,0.10511935470236711,-0.014028713379873325,0.1704155689224931,-0.13296321478156173,0.18637126935624995,-0.24443336926478335,0.23080554283390106,-0.3551789543081433,0.27701609783385694,-0.47429203856513724,0.29157882967874893,-0.16286329563611143,0.11840132987780197
56.047000,0.1915843373934607,0.09882832899172585,0.0864766567986284,0.1051336566370226,-0.013957201391724822,0.1708073962666341,-0.13308970198803943,0.18521042627869833,-0.2438253012047224,0.23144490541604812,-0.35536946515731926,0.27569306340093247,-0.47430333815529346,0.2916534465164027,-0.16304134972191922,0.11820380818161268
56.097000,0.19143598943256918,0.09887164628508793,0.08636949134603533,0.10583906965734691,-0.013920957502031817,0.17173160238932555,-0.1332223947839958,0.1846609125963526,-0.24325480322744195,0.23254482526160963,-0.35556920982184603,0.2747996956477178,-0.4743097082067602,0.2921402274527517,-0.16301271289165004,0.12883509492156364
56.147000,0.19131333313182275,0.09835875802253431,0.08625520000054054,0.10585323843153584,-0.013925344502512482,0.1719127457190471,-0.1333629397336506,0.183517091689419,-0.24264827175440568,0.23308236385767117,-0.3556923068192897,0.2733445810873426,-0.4741960263647305,0.2922355433151909,-0.1629853406887429,0.13478142323095563
56.197000,0.1910834857226398,0.097446509260241,0.086161654600953,0.10587253762689147,-0.013959271303207538,0.17202236904083335,-0.13350391353553268,0.1824664349897303,-0.24204204326224374,0.23364723603296852,-0.3557566656016097,0.2719745717897799,-0.4739916715150194,0.2924802631133071,-0.16263903286845682,0.14110046074222382
56.247000,0.1908652271057118,0.0967591726208584,0.08595926109587239,0.10588999627185264,-0.014179464721509077,0.1720128787836676,-0.13381329989255153,0.1813801346394592,-0.24159656485721503,0.23413208051406312,-0.3559642657669822,0.2704642837037132,-0.4738909329880427,0.2926746677196026,-0.16199075244341937,0.14824137972032342
56.297000,0.1905407760784184,0.09566833038632222,0.08576255099064271,0.10594454515708797,-0.014446934012303486,0.1719601426734588,-0.13414940354401952,0.18040518784847093,-0.24118991533911946,0.23464842553431287,-0.3561544471348461,0.26904546652608097,-0.4737392217725883,0.2930000229484246,-0.16112032431045045,0.15507963004734887
56.347000,0.1906834202128455,0.09594435744467145,0.08581255885412367,0.10654155717928768,-0.014636000898106044,0.1721928088144115,-0.13440421278449924,0.17964770125653362,-0.2407804327674388,0.2351823734914624,-0.3563630464915881,0.2674416264866544,-0.4735966947112752,0.29305942741569385,-0.16005598764317908,0.16223233671580173
56.397000,0.1909936962085803,0.09707729691858152,0.0862476428425203,0.10836499895409032,-0.014705612724844802,0.17323749073135083,-0.13454443860626303,0.1794548705113594,-0.24047102443176016,0.23584244373988894,-0.35671082350239036,0.2656469586958745,-0.47365410421513376,0.29255920676104097,-0.15878787524619006,0.16949650159827
56.447000,0.19103527292260072,0.09742884201987242,0.08641776023981544,0.10971931765252496,-0.015008077482381699,0.1738504289938701,-0.1348918539277696,0.17913059425552302,-0.24030017220468336,0.23648115168672343,-0.35710513515941117,0.26398752602235553,-0.47368043457252823,0.29245153077719843,-0.1583511701225767,0.17157615242853214
56.497000,0.19110186904660456,0.09763959846750618,0.08660045960573962,0.11096581484620033,-0.015312882714554998,0.1743193518974777,-0.13522699407463806,0.17885872373783193,-0.2401327372569087,0.2371235076747876,-0.3574274484917565,0.2624602540390883,-0.4736002127179753,0.29252499837570645,-0.15529822436237828,0.18405201794571313
56.547000,0.19105747381788823,0.09756968566206246,0.08674443910952465,0.1121296523139391,-0.015724350080433713,0.17458081116511898,-0.13566035928376216,0.17849919046748056,-0.24009297979553165,0.23760780044074462,-0.3578368471614751,0.2607677161942842,-0.4735683563459764,0.29248865221254106,-0.15462284586545458,0.18680342904380215
56.597000,0.19093051978163447,0.09722407497572803,0.08680923659632758,0.11311346953700213,-0.01619765181222227,0.17467304182571508,-0.1361454842929689,0.1782110473605691,-0.24010292450434528,0.23815143962388793,-0.3582201705385814,0.25932491806479485,-0.4734627573336188,0.29277856044925415,-0.15232099040330704,0.1952089181138675
56.647000,0.19095157839256438,0.09694780190355434,0.08700702964779622,0.11413214913372936,-0.016600523682446577,0.17467531466803798,-0.13655552980859503,0.17796111826436967,-0.2400762175893983,0.23865269264980793,-0.35853016350589245,0.25785328370352656,-0.47324363660368923,0.2930785458010688,-0.14811785722433188,0.20852522600566778
56.697000,0.1911862350019025,0.09661322772635071,0.087304246966763,0.115161236435118,-0.01692503928332051,0.174627662893545,-0.1368829720610043,0.17780482530367253,-0.24001573066681375,0.2391532897499633,-0.35875613805502266,0.256494444517866,-0.4729200069886543,0.2934621469392075,-0.14761167325276847,0.21007438477204263
56.747000,0.1916610142084295,0.09700983222127373,0.08804940010547453,0.1165956146216608,-0.016970597873035648,0.17465420591425823,-0.13693393328136022,0.17762037459732963,-0.23984870715648804,0.23933381978145263,-0.3588718967521535,0.25461388317278477,-0.4725253060781627,0.29312235687722893,-0.1433686132118186,0.22098640060990943
56.797000,0.19255216372773795,0.09824451699203514,0.08899615912828553,0.11868374656374911,-0.016947104263786122,0.17503997906119487,-0.1369184950859155,0.17766016681553154,-0.23981015553379167,0.23941214014219026,-0.35909595504140024,0.25248493767937497,-0.47232086504492266,0.29223565785157296,-0.13988116062231506,0.22864210759358022
56.847000,0.1930758603828808,0.09875502829891798,0.08991472586651038,0.12058451535415986,-0.016960133506903285,0.17515341156568007,-0.13693488672137277,0.17761483209350176,-0.23983561563431655,0.23935169295483594,-0.3593336428774058,0.25031624880018605,-0.4720941246648421,0.2913658985783067,-0.13700638569690357,0.23443134545995797
56.897000,0.19372307256195775,0.09894640299475256,0.0907853718725385,0.12222842660144506,-0.016944492154883528,0.17508934218746014,-0.13691691152307128,0.17766200440874566,-0.23980962242988613,0.2394122274221616,-0.3594617195777342,0.24854325409400424,-0.47171101362012136,0.2909707921670953,-0.13417997359139897,0.24001552887991146
56.947000,0.19396492049087924,0.09835144841974779,0.09151946069601853,0.12329766601826446,-0.016993636354771385,0.17453151975210013,-0.13695493689553156,0.17757887476407505,-0.23978646794783287,0.23943092583275835,-0.35954621616292326,0.24702057058445984,-0.47118580539651767,0.29102741227680184,-0.13236184890556663,0.2435239915867275
56.997000,0.19395321666647883,0.09709396704323192,0.09203056066473302,0.1239180259125117,-0.01715849073483333,0.17369503922649662,-0.13709635480272306,0.17755622593940135,-0.23980742844339717,0.2396081022331572,-0.35963606069458887,0.24601894405060318,-0.4705841985990078,0.2917410469718418,-0.1273889727311865,0.2521742473661276
57.047000,0.19408759260376207,0.09671838271382986,0.0924833249120331,0.12484702073136955,-0.017482959585538416,0.1728825937345616,-0.13739390909762533,0.17750473469238426,-0.24014952131173034,0.23948282887362649,-0.3600399969629469,0.2446086310598594,-0.4703528629978238,0.2918428515691636,-0.12440105798722093,0.2568505190605892
57.097000,0.1941393311949733,0.09640879689823588,0.09302662684528817,0.12605388007123774,-0.01771178437030796,0.17228162370474673,-0.13758857310939232,0.17771812272568657,-0.24046884650497546,0.23948906529619995,-0.36040432824821494,0.24342355624380446,-0.4701137802079924,0.29204285437412636,-0.12136891485244089,0.26112224472659856
57.147000,0.19432668551251428,0.0962037185332668,0.09361884365996874,0.12730289955767524,-0.017917816215545307,0.1715699697545371,-0.13775060396830918,0.17790266107821961,-0.24085082258613705,0.23930579553368603,-0.3608184179764048,0.24209435363367326,-0.4699437224029924,0.2920109634324626,-0.11765612301871692,0.2667722640604805
57.197000,0.19455580852162968,0.09585770274126942,0.09427633518668345,0.1284825067069883,-0.018020450727152776,0.17078418366455167,-0.13779688743773316,0.17810574148487363,-0.24116511299972843,0.23905662289084245,-0.36115174128827926,0.24084799999942946,-0.46971465848630717,0.29197620170312827,-0.11502121421688066,0.2705098160357745
57.247000,0.19471553076498224,0.09563268673071193,0.09495250816108738,0.12964052663794812,-0.01810897525371416,0.16985372059272547,-0.13781408161356554,0.17826130712969837,-0.24153345799887346,0.2386127028239391,-0.36153028474415694,0.23948538321354357,-0.46955371291732384,0.2917437697722257,-0.11148108282265029,0.27575248807640623
57.297000,0.19491086060622573,0.09530460821292382,0.09562624926413323,0.13078216834265746,-0.018143248593601446,0.16894630539826122,-0.13775847099604263,0.1785483140222177,-0.24185489967816184,0.23824700358596335,-0.3618548255240729,0.2383804088926869,-0.46935597219568204,0.29170491980735996,-0.10798317467302904,0.28048489418181416
57.347000,0.1949935035644469,0.09509290670993621,0.09625184530927375,0.13190195666132806,-0.018219092208709736,0.16790757377524404,-0.13772429090019223,0.178793688128368,-0.24227706271002525,0.2376895106192794,-0.36227595021674486,0.23717279295006685,-0.4692888964184778,0.29147039276096987,-0.10577537331487888,0.2832350609810933
57.397000,0.1950625052797505,0.09484190580757741,0.09682844388455684,0.13299683268243745,-0.018282440028610764,0.16690087970826095,-0.13765416008156958,0.17916433972564733,-0.2426807588892603,0.2372109894385151,-0.36267668588547874,0.23622230125802746,-0.4692254147117738,0.29142527568423565,-0.10262375147054484,0.287208016894441
57.447000,0.19496526289599977,0.09436089963428684,0.09734222545505328,0.13398318218643404,-0.018354066973252287,0.16583232529541214,-0.13755032055238886,0.17969786257940448,-0.24305457757933963,0.23687173552464647,-0.3630484042617169,0.23565455020420656,-0.46910975463269367,0.29178822954307043,-0.10088056315176949,0.28924390893366025
57.497000,0.19501217271175145,0.09407958562076846,0.0978921149030495,0.1350332800837372,-0.018344126786232706,0.16485166565287096,-0.1373400445926084,0.1803426806427569,-0.24335736132750246,0.23655948019887071,-0.3633500503262737,0.2352348720143107,-0.46897722914301426,0.292181330158917,-0.09936176322571422,0.29101197363372977
57.547000,0.19504435661248565,0.0939267783030311,0.09849613633523113,0.13611050145874184,-0.018262264120693372,0.16381385726582537,-0.13702671146523,0.18098959733566383,-0.24362809450952616,0.2360908235746798,-0.3636206523992816,0.23475439135659842,-0.46887189774047616,0.2923927063400156,-0.0969149173810252,0.294024172750621
57.597000,0.19517298988069828,0.09391749735464593,0.0991024136699608,0.13722402405472167,-0.01812416292513286,0.16287416518074693,-0.13662824011416327,0.18176288376001865,-0.2438272840425225,0.23569214280217354,-0.3638211744126797,0.23448124486005611,-0.4687452338736924,0.29271303811951305,-0.09470289862653403,0.2967572702030017
57.647000,0.19519295466310954,0.0937203339582664,0.09971206654341433,0.1382856425756683,-0.017952159597616923,0.16184683708342318,-0.13615710635011619,0.1825251001448801,-0.24400079163235727,0.23515341519243746,-0.36399699848054934,0.23419929672712833,-0.4686464434929577,0.2929231731199118,-0.09277559639324195,0.29909428234208607
57.697000,0.19517856588615515,0.0934647407991068,0.10022476259343553,0.13915067153735156,-0.017814021305865513,0.16075727922051397,-0.13567913015817792,0.18329205490682898,-0.24414542539241083,0.23462491765731494,-0.36414433977514526,0.23411447964437243,-0.4685430764370062,0.2932829153462516,-0.09116344405142293,0.30112284647404824
57.747000,0.19517233423545044,0.09332175946515557,0.1007143791200852,0.13999103312579148,-0.017673617229906846,0.1595941532915771,-0.1351626274232207,0.1840140731070758,-0.2443032754468993,0.23389712583013456,-0.36430327073412616,0.2339307571464808,-0.4685272641830792,0.29340645966063805,-0.08991201586219844,0.3025539430063001
57.797000,0.19498916077749046,0.09303011937759298,0.10104597524005739,0.14069788527156712,-0.01763944564399489,0.1584114639486982,-0.13471777861844836,0.18472997355376303,-0.24451631195255175,0.23314776033939222,-0.36451415996699005,0.23386642012485367,-0.4686064518973479,0.2935723223449955,-0.08994306920414721,0.3024329850146382
57.847000,0.19493922090979293,0.09297807396801307,0.10139749699258321,0.14142821136148656,-0.01755887604783829,0.1572200229442614,-0.1341917034607876,0.18544737793301597,-0.24468876091208466,0.2322490904508156,-0.36467936506816123,0.23375072764046617,-0.4687228115094798,0.29354170733301754,-0.08816760437178894,0.304699509570716
57.897000,0.1946786146251163,0.09261849597290536,0.10161265519898767,0.14193347828385458,-0.017565487725912127,0.15595382951970044,-0.13371494171455206,0.18610850309009097,-0.24487511827742015,0.2313126527493811,-0.3648503681910649,0.2337497427477693,-0.46887593822866297,0.29357181875568283,-0.09098088963330159,0.30114427518250464
57.947000,0.19460713918948375,0.09254758233136587,0.10187856822961464,0.1425138216659962,-0.017494225010749237,0.154766830847146,-0.13312330205631726,0.186859143658629,-0.24496903033972703,0.23033940429208963,-0.3649183973669802,0.23382499602970272,-0.4690035400469813,0.2935433606530228,-0.0912308127839418,0.3010050133248496
57.997000,0.1945072589983336,0.09247325993099893,0.1021395794475881,0.1430793378373859,-0.01739196836652432,0.15367221644343776,-0.13248087123073157,0.18765080437044057,-0.2449885039324927,0.22938846822271675,-0.36489960428972845,0.23400669419347547,-0.4691000726551753,0.2935236026516733,-0.09131361311824543,0.30113239351137294
58.047000,0.1944053680282039,0.09243513819888471,0.10231162035671079,0.14354120368200787,-0.017351483875776452,0.15252683028480363,-0.13185947862172023,0.18841442060879843,-0.24502912582536093,0.22832220120110258,-0.36488450245962933,0.23421191187800153,-0.46926345085563037,0.29341524904530125,-0.0924258764950033,0.2999540653530981
58.097000,0.1942808160284206,0.0926587102045695,0.102441810262747,0.144021559958381,-0.01732441884522079,0.1515082391459618,-0.1312411944725087,0.18923049028083067,-0.24504364885522167,0.22729624098235446,-0.36482612033293677,0.23451839624864076,-0.46943866551523655,0.2933079819801394,-0.09427351587346389,0.29775546021436355
58.147000,0.19411773951554426,0.09296314688981477,0.10242650860579729,0.1446017511016529,-0.017427585999902462,0.1505174931729944,-0.13076523673568202,0.1899456166801822,-0.24523369485971375,0.22595911544344766,-0.36492912698718377,0.2345033255539967,-0.4699060560773551,0.29263975430624867,-0.09641692787834938,0.29521779594046493
58.197000,0.1940612243896933,0.09384057207940603,0.10239714404843646,0.14553045674246992,-0.01752466146377854,0.1498618032546968,-0.1303595054628859,0.1907066068372132,-0.2454821942729569,0.2245705481485747,-0.3650894801406913,0.23427091758986662,-0.470542673479027,0.2915389192548551,-0.0987566376842117,0.2925092791990844
58.247000,0.1939946990333057,0.09414616290148621,0.10230942432532017,0.14591494132164096,-0.017652818226245648,0.14892498435361573,-0.12989994716701386,0.19135825013119878,-0.2456017583209958,0.2231873389572303,-0.36508154406707294,0.2343489157367652,-0.47097485000964423,0.2907989622911828,-0.10153241156946863,0.2895229840148774
58.297000,0.19381407479567536,0.09452394221162173,0.10211402738691075,0.14609860359764462,-0.017873112965620358,0.1478553477514709,-0.12951362411997916,0.1918598505800845,-0.24577834860308165,0.22156698509131378,-0.36510012252054,0.23430724683081358,-0.4714991849683158,0.2897981425726761,-0.10155491811663797,0.29026375119012204
58.347000,0.19364962416272238,0.09499005895859153,0.10185298282206678,0.14652201238771953,-0.018145630526349044,0.14709889164974504,-0.12918489520952947,0.19259923995537465,-0.2459858320594911,0.22012270541608062,-0.36512158979696935,0.23449876980183648,-0.4720879786516618,0.28888803022559184,-0.10154229417689445,0.2904776161495515
58.397000,0.1934644951059403,0.09524660039915857,0.10161876214972917,0.14659009490193986,-0.018380592587521116,0.14619657569397493,-0.1288385916855429,0.19309039653743842,-0.2460979201521507,0.21859039433073968,-0.36502425148523604,0.23460687692018312,-0.472537894256948,0.2879061884937854,-0.10764088102716804,0.282450920129389
58.447000,0.19335597973797602,0.09579025786760569,0.10128010747315308,0.14685592843543332,-0.018712409563328425,0.14551586633468866,-0.12858821378898672,0.19375804308997885,-0.24630189186176482,0.21707091483820135,-0.36497995497954133,0.23483372201842623,-0.4731331874158617,0.2868229350540661,-0.10776576279517175,0.282523110280297
58.497000,0.19342422756191893,0.09644623458745173,0.10107893830652746,0.14699134405012992,-0.0189018065097436,0.14484172240231358,-0.12822865845601147,0.1943153461165546,-0.24634199311900604,0.21551063273126747,-0.36474760172495746,0.23500709011579282,-0.4735481529289687,0.28562763987182893,-0.11672389255736623,0.2694316279905831
58.547000,0.19342162305257934,0.09657310004477754,0.10080902457581414,0.14673939173229067,-0.01915998746122205,0.14401246106635793,-0.12790410523357365,0.19475412885440874,-0.24636120531028893,0.2139352508605603,-0.364436160187005,0.23534331081145837,-0.47386935611144254,0.28458125989307226,-0.12011440427020284,0.26428928847491945
58.597000,0.19342237375274995,0.09681272213220433,0.10051939675593052,0.146408140930328,-0.0194387824132094,0.14324029459191373,-0.12763606068993125,0.1951377798249129,-0.24639007038591768,0.21238553855251044,-0.36410605009392194,0.23568678575914467,-0.4741716337562688,0.2834943928218995,-0.12365141900678425,0.25884464275446595
58.647000,0.1934450434259359,0.09696909875449157,0.10020778499598948,0.1459736015837819,-0.01974260163817071,0.1425232760462349,-0.12740034168610762,0.1955309265107727,-0.24641418705118415,0.21088360091680228,-0.3637209917990424,0.2361642963156216,-0.47443184258187887,0.2824580055960455,-0.12708146647706067,0.25281923088324143
58.697000,0.1935036512634859,0.0972356638532409,0.09987979749372385,0.14547722642909827,-0.02006552143072285,0.141855007756452,-0.12723614566050226,0.19584072162780145,-0.24647116985872233,0.2093688036962172,-0.3633463870458873,0.23657511927648356,-0.4747009996519802,0.281298158656057,-0.13008407359607857,0.24701966637355754
58.747000,0.19356042167678653,0.0974341287323758,0.099534018157369,0.14491496753770622,-0.020410727778319065,0.14127382452719284,-0.1271167468223528,0.1961721441715509,-0.24654038321584298,0.2079192744830519,-0.3629357884862047,0.23711019142562578,-0.4749421321142258,0.2801750145075984,-0.13340881467403773,0.24014657550397545
58.797000,0.19367442804475188,0.09776172181777786,0.09917779656545635,0.14429279809081624,-0.02076941094074608,0.140733667373375,-0.12707219392827832,0.19640878146491006,-0.24665113822039572,0.20645249004205643,-0.36255038139392937,0.2375549888452402,-0.4751979107118022,0.27891359301147134,-0.1362131718555326,0.23391250572472605
58.847000,0.19395551935595953,0.09880140869383736,0.09889467576227925,0.1440426699639457,-0.021054537553925667,0.14055179259303885,-0.12706683178363012,0.19677806289435718,-0.24678425034392446,0.20500847559718538,-0.3621886848164757,0.23789945466478274,-0.4755317902950861,0.27731189483783925,-0.13934817676959962,0.22640058622258113
58.897000,0.19458233849626408,0.10033408541226636,0.09873804563413076,0.1440382235778977,-0.021210470595160874,0.14052347545200575,-0.12708703888381523,0.1970049085731027,-0.24691750905965504,0.2033813039055767,-0.361888209923433,0.2377577194093952,-0.47593591048457146,0.2750822689273201,-0.14188012266028568,0.21981952306150726
58.947000,0.1950737326327301,0.10135731545857544,0.09869262896460859,0.1439061286673124,-0.02126044900170479,0.14055067245299505,-0.12703478922535372,0.19722331973763776,-0.24694881630932958,0.2017649173092889,-0.36143219210660404,0.23773096610617067,-0.47618743230780514,0.2728199222941854,-0.14469501098060136,0.21183844721212092
58.997000,0.19583184957617938,0.10278561688852278,0.09867281214791433,0.1436346322590012,-0.02128707972430549,0.1405323198949162,-0.12702554110255032,0.19727188092035922,-0.24699238077513214,0.2000927635787545,-0.36099570235069334,0.23755264438127366,-0.4764113998331304,0.27040407927600024,-0.1468763489578672,0.20520938381023585
59.047000,0.19633963765704443,0.10367916152834676,0.0986619236245418,0.14322163331427717,-0.02130864335106611,0.14056399158701513,-0.12704427721149308,0.19730882159057372,-0.24703796554892665,0.19853957712208242,-0.36052734555901655,0.23752881441810014,-0.4765615019821914,0.26812414973514187,-0.14909678387727898,0.19666990847693402
59.097000,0.19709380226852752,0.1049321980731333,0.09865719229478122,0.14269409808810166,-0.02132389106535143,0.14056345599510228,-0.12712285189167463,0.19719012716752365,-0.24712259923860244,0.19694388201908472,-0.3601123150918131,0.2373582867704917,-0.4767164718639676,0.2657038441552888,-0.15065931548177242,0.18964490099384795
59.147000,0.19757338988561085,0.10567507237739818,0.09864623583929906,0.14202081134214847,-0.021345688040855293,0.14062861755571326,-0.12723417392422315,0.19708770502024353,-0.2472240327091465,0.1955276445169569,-0.35967838894643833,0.23740863976845647,-0.47680324241709515,0.2635193406299272,-0.15223625474482877,0.18078325248215305
59.197000,0.19801745639337057,0.10658373361754707,0.09854713514490088,0.14111043821646754,-0.021451944389924704,0.14064046944322017,-0.1274402616232506,0.1969119237028391,-0.2474110956911201,0.19426637523343246,-0.359310996043093,0.23760702922099378,-0.47688491412492817,0.2616148151687443,-0.15247696844919295,0.17897480679409072
59.247000,0.19824700573572968,0.10703831443442519,0.09824710596756034,0.14033108546761836,-0.0217511457904305,0.14097883143477452,-0.12787327020654238,0.19699753107287896,-0.24782020442078345,0.19342920200274066,-0.3591382330814527,0.2382432231903418,-0.47711817618679725,0.26016884803555795,-0.15292866922007894,0.17524502701088915
59.297000,0.19858468705324683,0.10722790806618844,0.0980097872378867,0.13897345603608444,-0.021971691113259806,0.14108173607455604,-0.12815441885560103,0.1969854776730192,-0.24808471302643448,0.19289591426255454,-0.35873844505304975,0.23932598627571572,-0.4770324465740978,0.259488555621165,-0.1545705107575314,0.16182382777584836
59.347000,0.19876927388328922,0.10744223111888894,0.09780708712830696,0.13766547953702862,-0.022141843698913477,0.14116604958764986,-0.12853999225174234,0.19665869756432097,-0.24844812003731997,0.19196392536802925,-0.35851433532139526,0.23977007821810087,-0.4771283608568668,0.25795559294614956,-0.15518521338966704,0.15318863912226985
59.397000,0.19917168902391896,0.10755094156034495,0.09769933067871937,0.1362261068306772,-0.02219296338766516,0.141309198633213,-0.1287928537326783,0.19641331258565542,-0.24868710211031003,0.19137652759263402,-0.35814156685176735,0.24056717859037902,-0.47701453400697447,0.25697503279292266,-0.15567706285187796,0.14682830585392076
59.447000,0.1993914965549556,0.10773874126366241,0.09754765466652243,0.13487615790276725,-0.022269061868953582,0.14150597212966998,-0.12915422951563604,0.1960546745306196,-0.24903533654036059,0.1907142462900956,-0.35794462096707996,0.24110043252379454,-0.47705139491564935,0.25571468579889606,-0.15589164855986587,0.14090744451294215
59.497000,0.19977246695082998,0.10791190134275765,0.0974283798420035,0.13332623221732706,-0.022280104076844526,0.14168559089219834,-0.12949573379795046,0.19558186852930376,-0.24937070928373087,0.19010553290193571,-0.35772898784122675,0.24166601648850572,-0.4770394850149118,0.25451145395748176,-0.1559298536453929,0.13496228510495212
59.547000,0.20007804154650483,0.10791544493639431,0.09738791052741884,0.13171075820914213,-0.022172854453545665,0.1419686077424056,-0.12974108585022714,0.19515766294439574,-0.24961905064125545,0.18974715857351843,-0.3574222950737909,0.24245826261167996,-0.4769006704237339,0.25363492685505906,-0.15607759472444035,0.13055127301957292
59.597000,0.20061004920659567,0.10906453855600674,0.09740755003379882,0.13081541799446667,-0.022001089302854493,0.14271402512719217,-0.13007343952628794,0.19487116382379197,-0.24994746887915018,0.18937415678191155,-0.35736552818115697,0.24286584338463174,-0.47700193423138637,0.252200207170725,-0.15569704806001106,0.12165122116466465
59.647000,0.20100036497865695,0.10982458395134993,0.09752651042832539,0.12989826201698068,-0.021694996460214444,0.14354495728807967,-0.13031125197767435,0.1945597493759434,-0.2501881767195074,0.18912625258417903,-0.3572538658594348,0.2433197778141022,-0.47701642062248156,0.2508650059778736,-0.15534088245305247,0.11429656610912668
59.697000,0.2014362006103565,0.11034718426605274,0.09755784450252784,0.12845863941547275,-0.02143248151601826,0.14399254793844243,-0.13055418796280366,0.19391702271927058,-0.25044501161176064,0.18879936653948284,-0.35715155040849833,0.24369667592728672,-0.47700150953947595,0.2496956171924505,-0.15492914516910375,0.10921850980213417
59.747000,0.20178507451564498,0.1113757104147826,0.09767516837414983,0.12773934952967697,-0.021068349491983496,0.14505919262294079,-0.1308107179908048,0.19360414659623157,-0.2507128113478155,0.18875770371442036,-0.3571911564857389,0.2440963160632069,-0.47711327016376187,0.24841912198011767,-0.15396639201815251,0.10036997982097037
59.797000,0.2022558613719146,0.11288610365188587,0.09779506595254701,0.1271300445057835,-0.020689405395314137,0.14614135822729896,-0.1310913903234785,0.1931669015407085,-0.2510050650684134,0.18861601051081134,-0.35735303274064495,0.24420476631615393,-0.4773231666291436,0.24688188692898658,-0.15320211803811357,0.09621171492359466
59.847000,0.20256843916623724,0.11385777896733003,0.09793643519750383,0.12650123377858902,-0.020245677849162896,0.14730960122596154,-0.13131686460861947,0.19273196875393042,-0.25124762813238544,0.18865619145303103,-0.35750162694419796,0.24442435205116575,-0.477496213284738,0.24556419807702204,-0.15228397659955212,0.09013726341581288
59.897000,0.20292159487832595,0.1147992909480217,0.09812823681470487,0.12586217334057515,-0.01973703791945569,0.14839608138691363,-0.1314868549810672,0.19212225646199138,-0.251434435735712,0.18857572701646563,-0.35767479071139213,0.24436987522791764,-0.477674361593081,0.24404895746506994,-0.15150691907524305,0.0867967477159306
59.947000,0.20290530058797066,0.11545839834733593,0.0979844000926934,0.12478613059641243,-0.019493098036714007,0.149261371825512,-0.1318315105458141,0.1914523788610688,-0.2518016115511224,0.18877378507378767,-0.3579765676362628,0.24469228558768769,-0.47796801954600826,0.24325999074864138,-0.15078550473298097,0.08269930540560366
59.997000,0.20301918642103337,0.11683215332070257,0.09795809781537237,0.12414113531039744,-0.019140020252577244,0.15037147546780577,-0.13216425167157161,0.19068925206817688,-0.25214903179603976,0.1887780912035821,-0.35842939229684534,0.24449599644801998,-0.4783990323776356,0.24179683804795635,-0.1499994112118847,0.08128380625483508
60.047000,0.2029981696304069,0.11794015891424589,0.09781483243201451,0.12364484567731363,-0.018870266726155133,0.1516553371771629,-0.13257696816033698,0.19000616565797615,-0.25257271270637843,0.18899558070945247,-0.35901790997745703,0.24439792687229914,-0.47895578711068804,0.2405371474569165,-0.14887882101747704,0.0771038552993954
60.097000,0.2030992459522194,0.11914228570066239,0.09779720786288398,0.12308592899840265,-0.01848338083693335,0.15273090650933704,-0.13286578441750377,0.18901679565550944,-0.25286572283437325,0.18889522321259128,-0.35956718536738164,0.24380239845640425,-0.47946406508350736,0.23882864391689285,-0.14796102985939652,0.07136129043197086
60.147000,0.20316903977110437,0.12003267984427535,0.09784904992403638,0.12253666845812167,-0.017983901839447786,0.15388514985282503,-0.13301170143383712,0.18807001961224726,-0.25300790329419925,0.1890247651721267,-0.3599986932390987,0.24336600979314618,-0.4798527014567112,0.23744851757348936,-0.14773227581713075,0.07200408818077884
60.197000,0.20319112415979507,0.12116308175604665,0.09785380147383912,0.12197514679014032,-0.017543073880969984,0.15489263694881783,-0.13319299888044037,0.1869097393726294,-0.25317584836030704,0.1889384903902956,-0.36053047212803735,0.24255737470999245,-0.4803380379887845,0.235764204424863,-0.14716226758981246,0.06904609276145215
60.247000,0.2031619716830044,0.12186879035453817,0.09782902258064105,0.12140636273943517,-0.017100965770461746,0.155918647184475,-0.13334277004368666,0.18571534061353262,-0.2532986282759812,0.18896988754877386,-0.36106032588410825,0.24176587725078102,-0.48082445549762715,0.23424568723215294,-0.14692685638052635,0.06836548742684262
60.297000,0.20327500592443956,0.1229913092631349,0.09791976081853697,0.12094151418612997,-0.0165702421865907,0.1568864611407707,-0.13337525876100206,0.18439260777574157,-0.25329288795539984,0.18883807827641375,-0.3615341650884404,0.24064373360826447,-0.4812536881423798,0.23244398975346825,-0.14578888302772477,0.06320775414505657
60.347000,0.20311920723764848,0.12361737510889839,0.0978817903588982,0.12044751296541815,-0.016132200251800122,0.1578749086137562,-0.133452446858073,0.1830931507460284,-0.2533111951312016,0.18891384335069486,-0.3620513708193784,0.2396639585356721,-0.48173692838078636,0.23098252367678762,-0.14541200304215082,0.06151512954995064
60.397000,0.20285451716837802,0.12451245816096822,0.09765912481216582,0.11999558723445716,-0.015914450807939323,0.15873888240108505,-0.13368736131243555,0.18175065224294665,-0.2534745552632792,0.18889405236527174,-0.3627296095907746,0.23852602898108852,-0.4823869563229607,0.2294640550001316,-0.14525384776766465,0.06149182404754992
60.447000,0.20276039584022518,0.12536126085739593,0.0975756869719979,0.11983375057656794,-0.0155714045896021,0.1598054364448287,-0.13376815357650013,0.18053050650329233,-0.25346642070921815,0.189034908035705,-0.3632933349635367,0.23738828336126563,-0.4829275081038857,0.22802534487887977,-0.14605708942636103,0.06588997328308971
60.497000,0.20255339661518923,0.12634110902095616,0.09746536667125724,0.11958996611987208,-0.015233521473371398,0.16080841600538426,-0.13382488242789997,0.17914114921548446,-0.2534050188352973,0.18917065452672746,-0.36385511921702524,0.23608307639627332,-0.48347705136426106,0.2265650225320599,-0.1461969888135675,0.0669689223236144
60.547000,0.2024335006942699,0.12715404873873876,0.09737948243349805,0.11954895033395085,-0.014899478743712169,0.16189791581088414,-0.13384341348530482,0.17778314127946873,-0.25328457990569075,0.1893506718775547,-0.36440129982514674,0.23466153762012337,-0.48401747154196967,0.22507136224051927,-0.14649624698324143,0.06717665182954717
60.597000,0.20224262363228332,0.12805565778394928,0.09729907276557188,0.1195890717126263,-0.014621197646169759,0.16287709628019664,-0.13386650496643188,0.17631423444634864,-0.2531588135263756,0.18932750146271224,-0.36496608434749817,0.23290655826218964,-0.48457923079090076,0.22327872372325505,-0.14597047188671036,0.06378935234132649
60.647000,0.20207941548668168,0.12810187752176208,0.09715435243369057,0.1192351999879121,-0.014288284579328348,0.1637384431823935,-0.13374030145452637,0.17519338379028868,-0.252815852612776,0.19005989368033224,-0.36516585527999884,0.2322200276941515,-0.48481694504647727,0.2230758100374067,-0.14746056671960067,0.07048904383729379
60.697000,0.2018212522092911,0.1279481013533461,0.09695895810297216,0.11878559436394127,-0.014007963903940573,0.16446208963442943,-0.13363161854802683,0.17395847050192828,-0.2524478246644757,0.1907724279210836,-0.36535385513850216,0.23142003895200414,-0.4850528526653517,0.222925923873797,-0.14812357480326827,0.07308088101329288
60.747000,0.20170651842672058,0.1278731683181424,0.09680355107118781,0.11846383687667882,-0.01371222561320884,0.1652213293655207,-0.1334744048199718,0.17277251679843572,-0.2519932412711307,0.1915684048131972,-0.3654713728181482,0.23059036863612126,-0.4852229645459832,0.22287309718506765,-0.1486696151226211,0.07521714630497009
60.797000,0.2016154049555891,0.1276750722606154,0.09673395630333353,0.1181880966280493,-0.013372582674381267,0.16590130312634221,-0.13323704166981823,0.171603186125064,-0.25143278666777513,0.19233398119852868,-0.3654686234902573,0.2296947617069185,-0.48527283147983513,0.22284262714974085,-0.1494330240879376,0.07802946163300387
60.847000,0.2015596412236984,0.1274843240903509,0.09666763729123615,0.11794673842059927,-0.013061395355064231,0.1665218286882147,-0.13299867233122917,0.1704012089921542,-0.2508328987336468,0.19309691537340204,-0.36543318835127425,0.22868867874016827,-0.48529023809067084,0.22283311491013635,-0.1503925889054468,0.08134200472106523
60.897000,0.20143720510872307,0.12711507316900245,0.09656998315522902,0.11773836943343825,-0.012831115706390284,0.16704759339681136,-0.1328117800281627,0.1692017031679411,-0.2502637109753728,0.19379934363957504,-0.36540739017043045,0.22759184489984946,-0.4853118982151078,0.2228055153495796,-0.15134623645060832,0.08541487476423545
60.947000,0.20132486667041466,0.1267909580756422,0.09642250208526279,0.11755531381787887,-0.012692244770630412,0.16749499762316786,-0.13269133301425015,0.16796278037085086,-0.24972587554244605,0.19447534070017103,-0.3654106049652436,0.22636645824681462,-0.4853568461082044,0.2227749076522444,-0.15137034318540601,0.08496675735526549
60.997000,0.20114949515894082,0.12661509072549382,0.09625927505188846,0.11755374862768708,-0.012621178965349755,0.16800220435076219,-0.13261605880690766,0.16689369726642153,-0.24921763819661738,0.19524985498802017,-0.3654128424057542,0.22522775541897236,-0.4853901750797406,0.2228954565801459,-0.15296350341126114,0.09512099472335411
61.047000,0.20094645729564728,0.12659874475902716,0.09600674885183776,0.1179763986277613,-0.012723696936030648,0.16874735645532968,-0.13269302711439537,0.16603445827746535,-0.24885248536601065,0.19615057121868393,-0.36556551413538463,0.2240444579230817,-0.48556103697677255,0.2230078779720771,-0.15304004035861568,0.09503782467801847
61.097000,0.20074681941881242,0.1263868543663709,0.09574653656631311,0.11820755420599272,-0.01285390448105242,0.1692560036701763,-0.13278322215528154,0.16513790250798993,-0.24847327945161768,0.1970096869076305,-0.36564644065412016,0.22290274182977898,-0.4856458036087527,0.22329374984764144,-0.1543330516799313,0.10556728904815882
61.147000,0.20064790236679905,0.12647922179933016,0.09560367632754449,0.1187934200264598,-0.012966980397492611,0.16990518479822614,-0.13283813013736853,0.16434573719483697,-0.24806568844721674,0.1978511070019384,-0.3656995589885923,0.2215633928713206,-0.4856857108275713,0.22338640279429473,-0.15448177339059505,0.10585272291827749
61.197000,0.20048666911406104,0.12652042043630182,0.09546305568202826,0.11948887190825733,-0.01312375912542052,0.17056629986535365,-0.13292765085026484,0.1637086380910803,-0.24769046404078784,0.19877281793183146,-0.365735741443586,0.22034392089147298,-0.4856900921613295,0.22365356480440685,-0.15546151243970263,0.11721048596509409
61.247000,0.20036983896112537,0.12599823761982548,0.0952378301114255,0.11985906752519652,-0.013379845537946966,0.17087083611735882,-0.1331149133217715,0.16290129772957138,-0.24736991130142777,0.19958638238403528,-0.36577971074275406,0.21905737096313432,-0.4856755616003767,0.22405586543479475,-0.15568911743875327,0.11821236055984208
61.297000,0.20032413999079612,0.12600449144123074,0.09511195744375152,0.12074765325853601,-0.013653111117174377,0.17144439722224375,-0.13330792778327363,0.16234908046336124,-0.24712978839003638,0.20035676451645434,-0.36587560634674465,0.21766083076112283,-0.4856998557309463,0.2241530749096323,-0.1561870685534574,0.13008270163485738
61.347000,0.20030746095506297,0.1257646096775984,0.09506254675360844,0.12118224068407105,-0.013867478951070766,0.17152357062002205,-0.13344695269561985,0.1614861676317497,-0.2467962367680246,0.20088083478367358,-0.3658338160830529,0.2160483893183527,-0.48555365046477394,0.22424358640952263,-0.15624824993595918,0.13723698656622307
61.397000,0.20032466411330158,0.12551094521057776,0.0950067463303803,0.12193297145872622,-0.01415957425779904,0.17175981612324406,-0.13366210247024535,0.16084442557513323,-0.24655807805979102,0.20151995502058023,-0.36585435996992777,0.21449674670419736,-0.485443755926123,0.22441523322257592,-0.15615608745484988,0.14386124654477575
61.447000,0.20031707484449487,0.1252658474959353,0.09500269025290554,0.1227765391892714,-0.014467061756925775,0.1719331602581094,-0.13389446032895452,0.16022434006486297,-0.24635838724659848,0.20207962816878472,-0.3658760060410225,0.21282852568018978,-0.4853069020731324,0.22450161751428893,-0.15585595660427357,0.15129794769180321
61.497000,0.20038631448471056,0.12492208204458823,0.09502710229149483,0.12365401064009798,-0.014756095195143315,0.17210656010459738,-0.1341239054901344,0.15980510224875846,-0.2461630415623071,0.20278453905522636,-0.36584947867412676,0.21145383957363137,-0.48509055577962423,0.2249284650126107,-0.15523684280364933,0.15875294191059078
61.547000,0.20045056199162128,0.12468031619365821,0.09508940267860777,0.12460225010093656,-0.01506781461881318,0.17219833688639338,-0.1343836445423574,0.15940252782030304,-0.24602439149520272,0.20340643241763082,-0.3658443791917512,0.2099768622665053,-0.4848639147822224,0.2252853614688607,-0.15416248480827022,0.16797062695948417
61.597000,0.20058139800572206,0.12429808506589071,0.0951954044888061,0.12560185349004732,-0.01535113222932874,0.17228657496962813,-0.13463125046790164,0.15916204095915595,-0.24589683177048582,0.20410612196431197,-0.36580869210548483,0.20870457289910097,-0.48457729278667105,0.22585156949421972,-0.15296784648561484,0.1760166296189933
61.647000,0.20069203071223335,0.12403174927778608,0.0953500396830865,0.12664248425683639,-0.01564670110174224,0.1722464702136089,-0.13490003130769407,0.15888072164533965,-0.24583259803238888,0.20464059096192652,-0.36580430015852605,0.20724648600151804,-0.4842925991557462,0.22623392924028587,-0.1511156665942973,0.18586747524577235
61.697000,0.20088542075426274,0.12374704198123324,0.09556430230736213,0.1277871632546822,-0.01590381829241247,0.17222653863870896,-0.13514351218525952,0.15873967858594173,-0.24578743799054023,0.2051931141544769,-0.3657853343852884,0.20590364847264528,-0.4839727806524837,0.22668170287481107,-0.1496393186103182,0.19250620063621496
61.747000,0.20107778819432756,0.12347461041235713,0.09584322185036705,0.12897997564104996,-0.016139597229395314,0.17210593338054828,-0.13537848990083068,0.15861199124013797,-0.2457770240094842,0.20564563522675833,-0.36577135412145767,0.20447912719927314,-0.4836285501301999,0.22705525062551468,-0.14754350653719023,0.200728732341801
61.797000,0.20115414437352386,0.12304313837673868,0.09601130610692313,0.13007148143689032,-0.016480719786404113,0.1718511907515202,-0.13573651547730892,0.15850745836027658,-0.24592121179804982,0.20603989672299988,-0.3658863528857733,0.20314767892302182,-0.4833892356151829,0.2275007598426647,-0.14576436139349844,0.2069467026729406
61.847000,0.20121177980665528,0.12274408036717091,0.09618815090186213,0.13121762908483312,-0.016859369969730253,0.17147005789089204,-0.1361406927566558,0.15835647584016221,-0.24617708741428102,0.2062312275444929,-0.3660881149701852,0.20161111169235724,-0.4832189748406302,0.22769485502053366,-0.14325569183962858,0.21481235011722727
61.897000,0.20132204005047957,0.12228420140130014,0.09640787765167862,0.13237623983315955,-0.017180837833819157,0.1710751250154823,-0.13650268313736685,0.15833553187613136,-0.2464267968535938,0.20646752979541516,-0.3662668478825323,0.20027380963856073,-0.48300839699618825,0.2280480910972021,-0.14070623589397013,0.22252352181933555
61.947000,0.201410908454925,0.12196982421083466,0.096672920029302,0.13354357459387578,-0.01748676002055574,0.17052421075544097,-0.1368575812380135,0.1582520046836009,-0.24673590894010944,0.2064884338776313,-0.36648595697490993,0.19874724561852117,-0.4828252340828537,0.22816106213391052,-0.13863856465308189,0.22816182570269447
61.997000,0.20157093809387763,0.12149184450093843,0.09698260874475371,0.13471415889932867,-0.017723043991816068,0.16996487847038738,-0.1371543320645363,0.1582957984170626,-0.2470224597453855,0.20655545568796052,-0.36667489262214514,0.19742882943985934,-0.48260095129945035,0.22843123127497478,-0.13584064985221303,0.23530996722583325
62.047000,0.20176860104052347,0.1211889906974534,0.09737674409942403,0.1358868115330239,-0.01789383643879472,0.16924386869312097,-0.13739045814318185,0.1582640052496177,-0.24732093714467784,0.20638146347947073,-0.366862630020791,0.1959036934728125,-0.4823728717909258,0.22842113565704558,-0.13369104579226831,0.24029577030689084
62.097000,0.20206852439769266,0.12098441715164111,0.09788308451906998,0.13717269702096796,-0.017912058808226217,0.16866054835780703,-0.1374729120290677,0.15840372735398964,-0.24751348179302057,0.2062688817570044,-0.36694359207521565,0.19458775347319954,-0.48206404799593205,0.2284592847141443,-0.1315364284541235,0.24497876218693915
62.147000,0.2022121012851173,0.12087355466134579,0.0983097389741208,0.13855662153382162,-0.018037024302708066,0.1679408124358588,-0.13767034313650428,0.15856696452711996,-0.24789463953762897,0.20600750080806585,-0.36720330368628723,0.19314504929930745,-0.4819158923032944,0.22837319163890188,-0.12940705020062968,0.2493239251765948
62.197000,0.20221630909638766,0.12041534591329976,0.09869210937475092,0.13972323457485095,-0.018141752976374326,0.16710659820826146,-0.13785361713972705,0.15879578772177605,-0.2482604026273052,0.20581005891167742,-0.36746470677617016,0.19201390509046623,-0.4817541523503943,0.22859152966191304,-0.12725002535623947,0.25338107736629883
62.247000,0.20236762813495815,0.12032254345047508,0.09904277808964672,0.14103264955097783,-0.01828488207125284,0.16621637764739566,-0.13806634968239145,0.1589775920518029,-0.2487519912639818,0.20533154276327642,-0.3678441709987113,0.19059883337468114,-0.4817495321894432,0.2283555372995259,-0.12530667858653907,0.25694861648858686
62.297000,0.20245780475155742,0.11859260682456255,0.0995087351400671,0.14170087347957877,-0.018212397329535363,0.16497607423142657,-0.13807145816180277,0.1591618213649495,-0.2489606075523978,0.2050268030761605,-0.3679882624664163,0.18978156232164947,-0.48143981697032795,0.22888072830499742,-0.12341064146610842,0.2604773534876284
62.347000,0.20244042198164364,0.11735632262480415,0.09991614027730246,0.14179382113500327,-0.01814707047022493,0.16326655426292658,-0.13807747721020716,0.15918029201211198,-0.24915132084015043,0.20459616215971094,-0.36815171623386755,0.18913958116200785,-0.48109555488966205,0.2296820195406733,-0.12162965016105831,0.26407311664355937
62.397000,0.20246798192346788,0.11676754198262586,0.10029584715882012,0.14271428663469093,-0.018128060005668106,0.1620992862967039,-0.1380994218650787,0.15947777268843022,-0.24950798440922042,0.20406624868667456,-0.3684571745219122,0.18822042363606328,-0.4810248605711719,0.22979584976152262,-0.11926292909789518,0.26805486177345694
62.447000,0.2023870382476611,0.11572303173146406,0.10065113625139291,0.14309195487715526,-0.018072655280749805,0.16054650511916446,-0.13806981924432804,0.15972149833259472,-0.24977712958013976,0.20355615132253244,-0.36872040451733856,0.18766598673397372,-0.48085395128691355,0.23039849982674168,-0.11754785406002122,0.27023480025843516
62.497000,0.202307703821612,0.11501178882258405,0.10099626243044553,0.14398125073519985,-0.018001859270033616,0.15945532683691366,-0.137998364175448,0.1603711925219334,-0.2500611423956298,0.20328894787902993,-0.369003744958172,0.18739375081185455,-0.48076830638545,0.2310822252154186,-0.11586081726021102,0.2720135057863509
62.547000,0.20239106427136253,0.11491249710896352,0.10141992132420785,0.14505153430392823,-0.017837323831204982,0.1583823061472008,-0.13780835646415623,0.16101884345575873,-0.25030836803618195,0.20277704500095023,-0.36925203570338133,0.18688981988541528,-0.4807199774028306,0.23132964406691886,-0.11397442351059642,0.2751991815975664
62.597000,0.20252749763747271,0.11478963298451737,0.10191895931562125,0.14619318458309738,-0.017555100423307907,0.1574158869981221,-0.13747602777913343,0.1617714790493243,-0.2504314802087387,0.2022815489877914,-0.36938997830157144,0.1865057532393684,-0.4806099879881484,0.2315624890877847,-0.1137034096685885,0.2748765712178588
62.647000,0.20256405753414483,0.11469910725862136,0.10238069947600302,0.14727759610343524,-0.017275218266601777,0.15635841925857258,-0.13711735703030054,0.1625116116448261,-0.25055961655754594,0.2016377378695501,-0.3695496340636567,0.18610146631247024,-0.48056253437042795,0.2316661013431471,-0.11182858986871252,0.2773923585845742
62.697000,0.20250352297684313,0.11440430088546197,0.10272249291867747,0.1482145706263297,-0.017067881415399833,0.1553044378254832,-0.13679877110581587,0.16333650194010613,-0.25070317665581976,0.20109608875326176,-0.3697491591580496,0.1859946302118239,-0.4805692498972538,0.23202622249967061,-0.11028768899419694,0.27982106904402426
62.747000,0.20246796950629753,0.11423981899302954,0.10304882716951534,0.1490865676120308,-0.01684416611314174,0.15415314058838508,-0.1364303772433116,0.16410995270524373,-0.25082542801390906,0.20035595054214142,-0.36993960538177384,0.1858021623762774,-0.48062057260449287,0.23216727312394336,-0.1090589984717042,0.28177269842068564
62.797000,0.20236753625563247,0.11416035846969701,0.1033242808330897,0.14995524456061832,-0.016634479546203895,0.15310100492389833,-0.13604475204676406,0.1649832110045034,-0.25091732568173497,0.19968611904515626,-0.3701115895086021,0.18580348706231706,-0.48069334050263557,0.23240473540496537,-0.1081587028351603,0.28325943717166213
62.847000,0.20231796366273208,0.11420423788935197,0.10357436995624816,0.15087818479852344,-0.016419786221221283,0.15206244965786844,-0.1356224645531158,0.16587264438867821,-0.25099758708282416,0.19886629682751578,-0.37027759988159203,0.18574080458052739,-0.4808293894134267,0.2324130857687119,-0.1076395647426304,0.2841814758857243
62.897000,0.20224493845398914,0.11437717494110647,0.10381548019390609,0.15179473789715608,-0.016182590773775624,0.1511143232917796,-0.13515067434865305,0.16681766976700557,-0.25101008026158644,0.19806823874586021,-0.370380705434069,0.18579412590905398,-0.4809494103521449,0.2324263196462074,-0.10741575126770772,0.2846586257500116
62.947000,0.2021953964587151,0.11441933586916782,0.10402391358440685,0.1525900696950713,-0.015949680513671544,0.1500727856051195,-0.13464728144716526,0.1677045618240109,-0.25099042971512253,0.19710306265483737,-0.3704582361900085,0.185813987578501,-0.4810962218569921,0.23228156904722283,-0.10763107002263989,0.2847432647184137
62.997000,0.20210197344203526,0.11433670079799503,0.10420538698394441,0.1531952541560872,-0.01572150771562597,0.14900718446730027,-0.13411556572219582,0.1685736616345615,-0.25090219510642864,0.19615777295013292,-0.37047097079257085,0.18599372449899904,-0.48120007401658815,0.23224375908498485,-0.10813238497853525,0.2843820545247954
63.047000,0.2020185776028571,0.11425614007235739,0.10433846686663963,0.15366555200431475,-0.015521565758266437,0.14787136706107903,-0.13357298389207284,0.169408838514274,-0.25079045808195716,0.19510054426815063,-0.3704606856526858,0.1862102893128664,-0.4813263885006959,0.2321319174636264,-0.10857607522267451,0.28419183983596813
63.097000,0.20186818371167733,0.11442705645492365,0.10442956641725713,0.15408666790167358,-0.015350524297403939,0.14682513442812073,-0.1330343238663306,0.17028836777352097,-0.25064680224882263,0.1941065316139151,-0.3704105635640711,0.18658047848998915,-0.48144472347775535,0.23209328253744727,-0.11007007956818274,0.281868477238966
63.147000,0.20175244982319326,0.11474825690604608,0.10437314030309881,0.15475671055587956,-0.015300024356371178,0.1459060800480608,-0.1326223867242475,0.17111447722877204,-0.25064757812383465,0.1927952104979847,-0.3704861342063238,0.18657263257055706,-0.4818090094737607,0.2313746129083572,-0.11178763003282496,0.27914466926575104
63.197000,0.20144719319804735,0.11495761225324887,0.10423972399478983,0.1550733618979086,-0.015322773897462005,0.14483573048017256,-0.1322572331713494,0.17178628212725958,-0.2506402229751329,0.19141961411821892,-0.37054468955703024,0.18663224602274386,-0.4821595398975326,0.2307017953987348,-0.11360194290176842,0.27622184132502375
63.247000,0.20119197001787845,0.11500219198076833,0.10396451223901881,0.15535714185732036,-0.015475448954213405,0.1437771733703619,-0.13200670556717786,0.17242095510745223,-0.250725918315454,0.1899066213638058,-0.37068134093791283,0.1866360581910646,-0.482645825834361,0.2298095931618209,-0.11577000416033414,0.27333608188390734
63.297000,0.20092472585365181,0.11525580560520611,0.10371573826443004,0.1556169991419809,-0.015601334526755273,0.14283278463568883,-0.13172475821027407,0.17308754412932764,-0.25073543572040685,0.18846475579396918,-0.3707232988026668,0.18675808858774262,-0.48305827572579724,0.22895824213816943,-0.11817301074166972,0.26978727393355256
63.347000,0.200750724887719,0.1152747320296575,0.1034662006003398,0.15557945010137678,-0.01573717735559063,0.14177529551315324,-0.13141313535275145,0.17369821426189969,-0.2506725549916611,0.18700951875809582,-0.37067254253039966,0.18706420607448804,-0.483384692186742,0.22824637842911535,-0.12088857865563643,0.26560714493630894
63.397000,0.20052537964551312,0.11533879066377456,0.10320584110705705,0.15547169747922893,-0.015890724284790686,0.14077448305385729,-0.1311241737156306,0.17425958619346332,-0.250592074480113,0.18554766339588247,-0.3705780774984997,0.18738044261656248,-0.48368539890751816,0.22746452728463218,-0.12353887911437958,0.26098648568888694
63.447000,0.20040558857683843,0.11540503266575279,0.10293888931417929,0.1552882711684087,-0.016058380986079257,0.13980764905277104,-0.13083945156125737,0.17481201788890308,-0.2504832340526444,0.1840513528841106,-0.37042592036144495,0.1877597219364961,-0.4839587523393344,0.2266222496859913,-0.1263543402870462,0.25573174629015927
63.497000,0.2002721437887052,0.11576521117312923,0.1026885159950419,0.15502081121140476,-0.01621643438121398,0.13884636313607782,-0.13057097945768462,0.17521995272801008,-0.25035412038786287,0.18243099619584757,-0.3702259279232446,0.18797624253756104,-0.4842043977502277,0.2255116713380576,-0.12888147543885065,0.25060307630072676
63.547000,0.20027178360542125,0.11644273135807727,0.10238348321882898,0.15520574664916623,-0.016425109232530433,0.13833807462390993,-0.13039174811465676,0.17590940973134545,-0.2502852163889697,0.18096473021052267,-0.370060242574836,0.18830932701166325,-0.48454113911756674,0.22428326656011188,-0.1315400704209526,0.24485105745229008
63.597000,0.20025173646373023,0.11699635143006677,0.10207335700619276,0.1550109092101965,-0.016660880371796555,0.13762755872556792,-0.1302492170395727,0.17632755579251963,-0.2502110900340489,0.1793522917511539,-0.3698595935252999,0.18853028784454096,-0.4848220994114288,0.22293409926626123,-0.13414816449098352,0.23904655384578233
63.647000,0.20024445238680758,0.11715447733412206,0.10184211663472977,0.15476171839527914,-0.016846173401207337,0.13706737455499662,-0.13004261988326538,0.1768990767738774,-0.25003773332448326,0.17798201228004684,-0.3695181384414485,0.1891369570568201,-0.4849500779652495,0.2219312757221155,-0.1344674469464578,0.23853124693853456
63.697000,0.20033997614173488,0.1176699266502839,0.10159741096141146,0.15440880186458228,-0.0170597713426123,0.13650703977810993,-0.12991252451746463,0.17730233485447291,-0.2499103307330837,0.17657672970868535,-0.3692031457071068,0.18958535359755224,-0.48507894345329816,0.22077508743038474,-0.13878327236628163,0.22757296533315774
63.747000,0.2003759256230521,0.11785363243473197,0.10136075662423352,0.15377004024513757,-0.01729628119531379,0.13586732081292624,-0.12978700523620823,0.1776505350953197,-0.24976044951444143,0.17512612143882525,-0.36880908874502005,0.19020662200570068,-0.4851377263649659,0.21966248843184943,-0.14101985259919952,0.22131088114386172
63.797000,0.20048335813313442,0.11847495850472602,0.10109760941453619,0.15329507622166638,-0.017557652524376938,0.1353805900663832,-0.12977183985702936,0.17790089299654055,-0.24969320686680171,0.1735574226665569,-0.36848863589471537,0.1905175536234199,-0.48527673643161384,0.21809543557586958,-0.14307388898889803,0.2148691037041202
63.847000,0.20065924147327793,0.11902517889089417,0.10088166882729932,0.1527826956771975,-0.017802871099649314,0.13506321566037877,-0.12974714779733393,0.17828912067729344,-0.24959501325392114,0.17224849620892774,-0.36809226201637174,0.19118000504720317,-0.4853125752074457,0.21685875420831732,-0.14335777290255558,0.21402712192853873
63.897000,0.2009140949340897,0.12021517987864636,0.1007015724002071,0.1525622788567728,-0.017994569814211686,0.13492068529475923,-0.12979730278309448,0.17851138270474076,-0.24953989725078762,0.1706557433201602,-0.3677577320487086,0.19126019758837,-0.48542543252587617,0.21480403466763745,-0.14640627262884526,0.20288612027828384
63.947000,0.20113307530583566,0.12109096860776238,0.10048273198390623,0.15219351566825542,-0.018255552973943517,0.13483783402596844,-0.12992392397959385,0.1787715900336716,-0.24955360738447302,0.169351460074464,-0.3674663935737698,0.1916354196211238,-0.4855154268987784,0.21318595861742246,-0.14694707659057496,0.20069396322605176
63.997000,0.2016590793532756,0.12255190176120606,0.10043362639638174,0.15187014905917817,-0.01834762135807802,0.13481098196656788,-0.12997364031186368,0.1788522341346096,-0.24945682048826798,0.1677270530155045,-0.3670546552544023,0.19161741212366762,-0.4855007547975294,0.21086634723757947,-0.1497076512977459,0.18819479700472153
64.048000,0.20206215153873835,0.1235332807154191,0.10043845413670463,0.15143541763595975,-0.018402713777174867,0.13479880721178358,-0.13003461437845382,0.17882514894026696,-0.24935568653849488,0.16607831652294655,-0.3666228173842208,0.19154240933899305,-0.4854282581391209,0.20843226567428422,-0.1511047678573115,0.1800228676056404
64.097000,0.20264142581820851,0.1245225660295162,0.1005054627644555,0.15079023776048178,-0.018421337140807514,0.13477723479042084,-0.13006573008735156,0.17877188814095737,-0.24923146973505678,0.16464650340066486,-0.36614413843904076,0.1916914270737783,-0.48524360654294524,0.20636510068903313,-0.15205376667136347,0.17337808914588118
64.147000,0.20296315949325566,0.12497596630324341,0.10054325745661412,0.14988853669790522,-0.018505640344396113,0.1348100774818406,-0.13014542441159196,0.17881642490348462,-0.24917447526521022,0.16358208695094018,-0.36567561118015923,0.19234813170023593,-0.4850137112466998,0.20493454789024854,-0.15290532325350387,0.16491381741600847
64.197000,0.2032684215269184,0.1253059532707916,0.10053204253214712,0.1488965243781975,-0.018650540830262435,0.1349139703621089,-0.13030190254603136,0.1788909349830943,-0.24921223625951033,0.1627561114996582,-0.36528255361054746,0.1932139746362545,-0.48481159225728215,0.20383512900691375,-0.15330670776781363,0.1579689139023715
64.247000,0.20346749382442145,0.1253646173952051,0.10041541189487468,0.1474861043976558,-0.01892850434911411,0.13495495705133892,-0.13055927241561435,0.1789841702916281,-0.24938980721079504,0.16227177973907825,-0.36495572871373894,0.1945907801308583,-0.4846293279772623,0.20343553220455995,-0.1534160636523258,0.1491782149635059
64.297000,0.20380535339951467,0.12585357270648287,0.10041841777815382,0.1462421672211488,-0.019055720520791547,0.13502030236017648,-0.130787143715306,0.17879345651179604,-0.2495228163334476,0.16141991323624003,-0.3646466283658115,0.19528003553146828,-0.48444744586761657,0.20219119493119508,-0.15330217570533866,0.14357687422479837
64.347000,0.2039323777924866,0.12598813750904517,0.10024474871240112,0.1448934917403145,-0.019358129033459043,0.1351389217913212,-0.1312290621490988,0.178554291463767,-0.24988740198130155,0.16066020338334633,-0.36455628798125456,0.19603034027179175,-0.48445250217910246,0.2010201119120277,-0.1532274401511204,0.14166767837249006
64.397000,0.20432871332429822,0.12633867432570162,0.1002751874115624,0.1435128290736602,-0.01943752140733898,0.135214193809919,-0.13151032477465682,0.17810576344067183,-0.25009823622419347,0.15975072985214042,-0.36434958423307784,0.19644718033651706,-0.4843103010536609,0.19951742786591645,-0.15269043920943823,0.12615210225271306
64.447000,0.20459436887547805,0.1265036604111853,0.10034447578485005,0.1420607752421233,-0.019471831861531896,0.13542357538168592,-0.13176333308947752,0.1777392787549479,-0.2503111450042459,0.15912701693054113,-0.36412523584594897,0.1971579612506114,-0.48411887080800337,0.1983939097095624,-0.15240246140026073,0.12211017930230023
64.497000,0.20500178440738287,0.12668370428197176,0.10044367070840253,0.1405471520721427,-0.019453667334464853,0.13558445822360635,-0.13200528373841083,0.17720336792651428,-0.2505276837160876,0.15842996377246205,-0.36393898544284986,0.197645734077801,-0.48393775541186457,0.19710240551839814,-0.15151976055907443,0.1120176548133616
64.547000,0.2052775547039834,0.1271248469660415,0.10057030208088068,0.1391218081645066,-0.019388091410569436,0.1359620881188727,-0.13223660235135168,0.17676911665367606,-0.2507563447439304,0.15797894202756133,-0.36377533241575344,0.19831141560715937,-0.48375354557428574,0.19602485331372338,-0.15077156170196745,0.1061819027265167
64.597000,0.20567147533400423,0.1287603584154202,0.10066631043557969,0.13844264907422893,-0.01932346731030607,0.13687636998585911,-0.13257015489863982,0.17656500481387027,-0.2510694092832285,0.15764605442789995,-0.36381010504196987,0.19875001411814391,-0.4837376684073934,0.194581136960643,-0.14989122137819497,0.10073701632250909
64.647000,0.20596286681273895,0.1301008007397518,0.10087930073688935,0.13804504238379967,-0.019120692436202957,0.13808550882257234,-0.13282508166725654,0.1764431920464634,-0.251311431563858,0.157443589928238,-0.3638326101011544,0.1991447214648179,-0.4836774628377585,0.193044617353216,-0.14862968996518788,0.09335013083484889
64.697000,0.2063316068607775,0.13173372591489108,0.10106187615902841,0.1375397502582174,-0.018926756289902757,0.1391914412206215,-0.13309756312009438,0.17613771123185268,-0.2515886046372775,0.15716739019680198,-0.3639345706378878,0.1993382797225081,-0.48367234500613354,0.19140950999833464,-0.1472440258518693,0.08623107172862332
64.747000,0.2065546438427576,0.1327989357202017,0.10124947193619148,0.13696339968708002,-0.018701803433880893,0.14038268866186057,-0.13333866293294291,0.17585648806638196,-0.2518671958007218,0.1571218437886889,-0.36404973529124207,0.1997255740650123,-0.4836624939418168,0.19009292292426955,-0.14640979230494158,0.08211120584588624
64.797000,0.20686604802930517,0.13435280248221668,0.10144880045883897,0.1363738036581485,-0.018441327454851802,0.14150773283947177,-0.13355510545261975,0.17540195233307457,-0.2521303445264991,0.1569652314052018,-0.3642106424662708,0.19983721309175226,-0.48368064358773866,0.18857138724379716,-0.14442661457063624,0.07608797443019108
64.847000,0.20707270616005158,0.1353560286761293,0.10168007587364994,0.13577227903146621,-0.01811817366143173,0.14272780980418934,-0.13370983546473558,0.1749546266117892,-0.2523575375172197,0.15699013948677168,-0.36436464823792986,0.20005296740132567,-0.48368083117939703,0.18726045051533247,-0.1426528441383507,0.07053659911398183
64.897000,0.20730134468114939,0.13655225258107684,0.10191322293061728,0.13516237602257847,-0.017770232388916007,0.14387274471611128,-0.13383788205363278,0.17434077224184005,-0.2525643729073026,0.15690459233988108,-0.36455938176703273,0.1999988841951714,-0.4837116023187854,0.185759911704627,-0.14090449531034985,0.06453594372705032
64.947000,0.20739093067206843,0.13697922258361314,0.10208386485930966,0.1340006955256481,-0.017436592436702203,0.14471798471849745,-0.13393256664353734,0.17350492604029047,-0.25278259650428125,0.1569317429096938,-0.3647397223570632,0.20012435758864439,-0.4837469715488171,0.18472063605486394,-0.14029800276037638,0.06255449795670381
64.997000,0.2073271019996827,0.13822526715391553,0.10210754329388862,0.13341455446541475,-0.01724950210049328,0.1458200256259018,-0.1342186773412159,0.1726195040378637,-0.2531608015622592,0.1567207278256024,-0.3652247811215098,0.19963534636072736,-0.48405445515098,0.18291683658074195,-0.13933982100588496,0.06208400126658184
65.047000,0.20732248105364434,0.13856025869586863,0.10215039591396681,0.13224210888433863,-0.01698273215122123,0.14663994890995957,-0.13435618603068272,0.171609376704839,-0.2534372719703152,0.1567872658082689,-0.36555901320655093,0.19955074487794636,-0.4842509872335421,0.1818811296708552,-0.1377464281421469,0.05807618049621968
65.097000,0.20735139235834243,0.13981202841222345,0.10229357055283307,0.13160630097021978,-0.016620460913704838,0.1477138495228421,-0.13441573028739817,0.17061089110419708,-0.25360849609155095,0.1567154033490394,-0.365910186225014,0.19900405895740483,-0.4844414607273168,0.1802867684254936,-0.136346810225344,0.05414518030043364
65.147000,0.20733705083041562,0.1406070789432184,0.10241777242593177,0.1310184247136706,-0.016248848627184148,0.1488575123539072,-0.13444400490549965,0.16959166370727408,-0.25375558174163804,0.15675625826477835,-0.36628189985798476,0.19844351928270437,-0.4846614940262608,0.17878972360470358,-0.1357449147791994,0.05284843580485302
65.197000,0.20726390056721963,0.1417351695707515,0.10252151498584057,0.1304428158240172,-0.015890631913690084,0.1498995233215324,-0.1344522158643735,0.1684238535686691,-0.2538749346735185,0.15666739865098678,-0.366675415537498,0.197607006817822,-0.4849106012259961,0.17710235209735248,-0.1348822661545176,0.0497472678850997
65.247000,0.20718599628803547,0.14244163601708143,0.10259421589855207,0.12988320471035883,-0.015537809227911037,0.15097407096854293,-0.13443237717399653,0.16722466212436277,-0.25396873322191404,0.156686181077012,-0.367079693589088,0.19675999602911065,-0.4851880985894943,0.1755372566145189,-0.1345048437444771,0.04911840144217963
65.297000,0.2070595511478036,0.14380111879055707,0.10266245150622494,0.12947447352968403,-0.0151941120556158,0.15205389835120597,-0.13438311696378957,0.1659816084598449,-0.254019440239964,0.15664618384067905,-0.3674877866810589,0.19569659172350928,-0.4854769157864624,0.17382045374605004,-0.13277956586144604,0.044053070595195004
65.347000,0.2069331433485545,0.14468326665521142,0.10271690028807728,0.12927661842576987,-0.014853564389535612,0.15330131062961244,-0.13429992304160238,0.1648151025662896,-0.25402989674052057,0.15676939575732865,-0.3678990081108029,0.19463528377994588,-0.4857837220487291,0.17220329279000401,-0.13350922665307074,0.04696027447575263
65.397000,0.2067269808437147,0.1460682567963466,0.10274420064972617,0.12911934321809676,-0.014555139018986252,0.154434653077627,-0.1342119281644174,0.16350398664773136,-0.25401996263101645,0.15671908596679188,-0.3683237198649068,0.19325196269742811,-0.4861134898423682,0.1703266472436173,-0.1335787524243752,0.047376192230719316
65.447000,0.20657765626117897,0.14707244857522986,0.10276768368784973,0.12913555879311475,-0.014258631944286532,0.1556844090425622,-0.13407953263678252,0.16223816805850255,-0.2539558867313835,0.15679209341837583,-0.36872591274307326,0.19183265747314035,-0.4864395740428315,0.16851970091663057,-0.13333736834355475,0.04671462940062157
65.497000,0.20632535973569907,0.14843934064244518,0.10276579747564765,0.12917380501585604,-0.014003262101284303,0.1568321984167546,-0.13393437824072502,0.16089758665749865,-0.2538639125476061,0.15678579861157507,-0.36910823332869064,0.19023346710590222,-0.48676391201356056,0.16662962688439376,-0.1336361114693269,0.04790723896719973
65.547000,0.20614140578579515,0.14924538106173207,0.10273072557419534,0.1292027173601817,-0.013772554073232773,0.1579600787028559,-0.1337620373314687,0.15954875973487986,-0.25373280894359246,0.15690037177394464,-0.36945387939900326,0.1886593681789599,-0.487085662681699,0.16493673000921039,-0.1337260556195025,0.04820302373646421
65.597000,0.20587547666287917,0.15014689891921498,0.1026577193268438,0.12922538539676057,-0.013594681428385658,0.15898070960345445,-0.1335919318376455,0.15816837087029417,-0.25358618545671185,0.15699402066565457,-0.3697725875736275,0.18700601765229902,-0.487404698381676,0.16328500361741932,-0.1343038834062863,0.05006680629825333
65.647000,0.20570048733483243,0.15021968780188344,0.10258445482414465,0.12897803215457726,-0.013341339599208996,0.15998142204658872,-0.1333063681798471,0.15708454141149,-0.2533043266958451,0.1577845070700283,-0.36988250059539857,0.18623673665225507,-0.4876055732711337,0.162971351272969,-0.1346766362157508,0.051302523823171575
65.697000,0.20550739193163334,0.1502340089652822,0.10245702027570008,0.12858484669411255,-0.013157092501503959,0.16073102728745547,-0.13306175672791443,0.15594861191949808,-0.2530349213872663,0.15848628045971916,-0.36996905866873897,0.18543822915063296,-0.48780466280350043,0.16274967701094323,-0.13552679514991348,0.053844553793074346
65.747000,0.2053902319780343,0.14999133987023056,0.10236297340971237,0.12821985115469461,-0.012936729921523282,0.16147610487330136,-0.13274628743047567,0.15471815182661133,-0.25266074374556513,0.15924840200151955,-0.3699762154606734,0.184488847641628,-0.4879540886446825,0.16255208766027526,-0.13630046238985452,0.055955948349944745
65.797000,0.2052544821842374,0.1498043964627112,0.10226984608536592,0.12789554377409654,-0.012740500106127317,0.16213908723725007,-0.1324302801974511,0.15351606330764445,-0.25225502125950894,0.1599992283842692,-0.3699301146350461,0.18350608693786216,-0.48806188041813703,0.16241376812344657,-0.13745460301234944,0.05930239446313232
65.847000,0.20519928063875492,0.14958539307293395,0.10219548638176373,0.12762167998131974,-0.012540742349906403,0.1627727513225159,-0.13208594432608425,0.15233509428298644,-0.2517854705250444,0.1608217560380269,-0.369809715714007,0.18250763963947741,-0.4881142368543484,0.16240688647561585,-0.1388080665051041,0.06257811946673236
65.897000,0.20512235194986675,0.1491893735123292,0.10211964325620208,0.12738846002944,-0.012377098738517639,0.1633119352593586,-0.13176008792347016,0.15115866848595613,-0.2513062507203204,0.16158531514482863,-0.3696553273361892,0.1814220503643965,-0.4881352909298563,0.16238266416516897,-0.14014350154324454,0.06669469935379033
65.947000,0.20505814287264676,0.14887477744976854,0.10200138246927246,0.1271963353947417,-0.012287607944244688,0.16377538226940686,-0.13148732764389726,0.14993967399247898,-0.25084766212631493,0.16231345887202756,-0.36950838857041185,0.1801917138136928,-0.4881715204808064,0.16232943161862484,-0.1401297323374877,0.06591204304171722
65.997000,0.20478095927442716,0.14924957929759816,0.10180549348099205,0.12754935600459694,-0.012339534071408864,0.16457519407814675,-0.131335461166831,0.14908425049726357,-0.2504963480242275,0.16325051475200392,-0.36944803990754316,0.1790775485145532,-0.48827957782543563,0.16237229202660758,-0.14291418863825958,0.07536671417337143
66.047000,0.20448233703053942,0.14926281853436715,0.10140939578293051,0.12788987445495192,-0.01264583693202595,0.16519139970809893,-0.13141455541475816,0.14804521924038633,-0.2503562916652665,0.16394689680378027,-0.3695796941666834,0.17757702053322977,-0.488576253126178,0.16209093154669552,-0.14297613009776805,0.0751792449988185
66.097000,0.2040690176589984,0.15028641077260163,0.10096548541493816,0.1291007162737104,-0.013089435328451804,0.16640319674974174,-0.13160154043984487,0.1475649128074478,-0.25033346521344224,0.16496405180965043,-0.36980174363288054,0.17624813132760733,-0.4889379266318663,0.16187559152466727,-0.1455499263418756,0.08542560265744775
66.147000,0.20395300651444964,0.1499685115494175,0.10066587465513362,0.12942130984124656,-0.013380593989926998,0.16674962334649304,-0.13165042776943764,0.14644577106441564,-0.25013108597370604,0.16548083426571708,-0.36979157772755294,0.1745011841951961,-0.48908617533363413,0.16150891796867117,-0.14690627149175445,0.09118990646079825
66.197000,0.20390007842981783,0.14950751466894,0.10049843539396487,0.12972184891740998,-0.013549710384467561,0.16704503801616358,-0.1315984925755413,0.14549312340969842,-0.24980463474789288,0.16616455182502043,-0.3696074084742694,0.1730417174814966,-0.4890569599123312,0.16156109636390037,-0.14736165015526922,0.09231115094174619
66.247000,0.20379576700112562,0.1491408232699415,0.1002421415685882,0.12993372960494454,-0.013823290467403465,0.1672040557950567,-0.13167765823153377,0.14461317270240753,-0.2496014870071822,0.16683862223293605,-0.36950165223037057,0.17173253472098818,-0.4890897646261838,0.16179858416714168,-0.1495527427677244,0.10361666694281682
66.297000,0.20377562441377864,0.14815356853273665,0.10009145818056926,0.1300620020632882,-0.014038238121053564,0.1671350703888483,-0.13169707818178414,0.1435469951153408,-0.2493060863950123,0.16738228789291548,-0.3692747358502618,0.1701251227208415,-0.48899569076228633,0.16194631264484063,-0.1505885334480571,0.10986678907119513
66.347000,0.2038051127915356,0.14772589005242232,0.09988178768002248,0.13050476880630524,-0.01435683409670116,0.16724081778476413,-0.13183176230894345,0.14275324457951105,-0.2491198577242998,0.16812059906983193,-0.3691184998126999,0.1686914729008488,-0.48894961828848643,0.162327272650586,-0.15151899940614957,0.11665329201494257
66.397000,0.20377061069103927,0.14756627519109125,0.09969042469838035,0.1311661410104478,-0.014715772397626559,0.1673769413150536,-0.13201066851508925,0.1420410508755421,-0.24900387325745926,0.1687354330423389,-0.36899306672303683,0.16712501351966944,-0.48890327960201746,0.1624838017091276,-0.15216940026572662,0.12286158590583626
66.447000,0.20381634200526133,0.14733162579483605,0.09958219491563151,0.13208117614642104,-0.015045151037497123,0.16758570472009085,-0.13216815377193097,0.14146670362309482,-0.24887842274572347,0.16937213517858826,-0.368816734319638,0.1655248743815963,-0.4887817970277759,0.16262940749588656,-0.1527563133970288,0.13000796527950234
66.497000,0.20393159245341877,0.14674487589460586,0.0995480395373541,0.13289497199554864,-0.015302694159987362,0.16767009196843985,-0.13229630349025573,0.14097748295696824,-0.24872056088876632,0.17005311346006213,-0.36857441052913004,0.1641324102636484,-0.48856952585385466,0.16304968307758272,-0.15309229274569927,0.13633959424640452
66.547000,0.20400923649629885,0.14637448767052652,0.09944854180832972,0.13356050247963933,-0.01566350348838419,0.16746060612472521,-0.13255034611963806,0.14030428053976837,-0.24869875101943434,0.17046299468472872,-0.3684319929017691,0.16246607100798818,-0.4884294442696451,0.16324816129200556,-0.15314433032103245,0.13869104191869708
66.597000,0.2041064266127898,0.1459055674455575,0.09935389134767085,0.13433318731837052,-0.016048212734607575,0.16723234190941325,-0.13284805387995036,0.13970422704856392,-0.24875161526384626,0.1707906301537963,-0.3683329485286706,0.16077540501966717,-0.4883051210265409,0.16335955403640887,-0.15316510106260442,0.15064867283079267
66.647000,0.20421098138166555,0.1456347673669637,0.09934483399912973,0.13539552981687566,-0.01638213378820272,0.16713303013766329,-0.13311783862348536,0.13933419533396985,-0.24879971836440928,0.17123564827058502,-0.3681947021706342,0.1592007888252043,-0.48811370471748317,0.16360905698500203,-0.15281202353500847,0.15855954083316104
66.697000,0.20433205934707638,0.14524350999017896,0.0993967846293265,0.13643465699143195,-0.0166418653265146,0.16701294530823824,-0.13336228701957847,0.13915001008432035,-0.24882711288040715,0.17182835136560654,-0.3680236340173771,0.15796511406374528,-0.4878593332197632,0.16424246991588162,-0.1523339093065468,0.16492308198880976
66.747000,0.20432278770113624,0.1448917388753825,0.09922969811955744,0.1374722090414655,-0.017148308522328265,0.16673241325871863,-0.1338545981282267,0.13881034426407848,-0.24916517396305127,0.1720288793753378,-0.36813814714423315,0.1563626213256134,-0.48787418985110026,0.16431749884791585,-0.15153548379839954,0.1727509591901906
66.797000,0.2045506905913837,0.14415388469973234,0.0993074928970094,0.13830499596446377,-0.017391668279458095,0.1662568435010513,-0.13414696818777294,0.1385404233981779,-0.24928658474448567,0.17234676450709985,-0.3680342651585158,0.15505548357458668,-0.4876325847612576,0.16486578164347634,-0.15078854752011303,0.17879325615920294
66.847000,0.20474473183447697,0.14324508948028186,0.09943558802645758,0.13904101142888345,-0.017618430146855574,0.16546745324399664,-0.13445314243948053,0.13808771623189434,-0.24945397110336992,0.17236320896530524,-0.3679493539602651,0.15342002446222106,-0.4873746839937689,0.16514992412450138,-0.14957885728396952,0.18662764886552305
66.897000,0.20523036384489168,0.14221968869935547,0.09979972925746657,0.13997203003868008,-0.017579481986135903,0.16491437892220367,-0.13453502479706048,0.13805546967788648,-0.24940933234785506,0.17275263764185686,-0.367667139966831,0.15237885701212736,-0.48688967556510865,0.1660165622999352,-0.14856254935369245,0.19239608184191456
66.947000,0.20540136444221146,0.14114283238058223,0.10003025720693329,0.14047200049957648,-0.01765994848365865,0.16390307962238654,-0.134782584747489,0.13778243540903953,-0.24954011206819815,0.17286391040394514,-0.3675733600045318,0.15122708144343702,-0.48655334063773614,0.16684003125042315,-0.14710248531680986,0.19978369477468416
66.997000,0.20567418547256744,0.14010413999656193,0.10022161816702155,0.1413135683494695,-0.017787656675171654,0.1630807696215602,-0.13506858748735448,0.13768031159757999,-0.24978012568696648,0.1729118742066805,-0.36757790757130215,0.1500277621826046,-0.48631299701826725,0.16740529175447516,-0.14580076496663863,0.2050109561961747
67.047000,0.20587028892000808,0.1397614660340447,0.1004966752691817,0.14234803938563068,-0.017845177731227374,0.16222782379967987,-0.13528435255261637,0.13756935243921278,-0.2500218950219151,0.17271613533248198,-0.36756562227302747,0.14856096659732876,-0.4860517178734125,0.16756215469873503,-0.1447931355579549,0.2086097228103569
67.097000,0.20640281950497602,0.13925024403131125,0.10096884275182863,0.14355527195101792,-0.01768499214373928,0.16147920746689032,-0.1352867982193713,0.1376084050609,-0.25009801389272435,0.1725137736370921,-0.36739283016313473,0.14717751353725908,-0.4856316260190865,0.16766134019002946,-0.14198015555287247,0.2168874086270574
67.147000,0.20671527831968056,0.13814657377234815,0.10145700694176363,0.1443245098198375,-0.017465907370825373,0.16036634423336352,-0.13528449561123992,0.13758959589278433,-0.2501567380313712,0.17229360029186688,-0.36725151517465027,0.14604834994634017,-0.4851988432331613,0.16814875274383775,-0.14073612920431222,0.22062928832597245
67.197000,0.20712266995499526,0.13606647602720834,0.10194427523229659,0.14448929165748775,-0.017181461481750454,0.158948159259185,-0.1352761205052286,0.13764906279717373,-0.25015209019482776,0.1723407273272824,-0.36713960670511014,0.14562142754748028,-0.4847322978337143,0.16953709172651646,-0.13810732972468387,0.22743110237746847
67.247000,0.20732168208322294,0.13579136947972464,0.10236108905185246,0.14533544015156424,-0.016994817697972814,0.1577518616941536,-0.1353062522124342,0.13769184018074881,-0.2503329551488817,0.17188039983993364,-0.3671511765594292,0.14443038806467384,-0.48445210856352683,0.1697383186590241,-0.1358530419307276,0.23322363831021461
67.297000,0.20758135985508322,0.13538420667680776,0.10272816245153728,0.14650275921299566,-0.01683124721351112,0.15677639345525296,-0.1353395311542784,0.13791408613588438,-0.2505742571135934,0.17139479600113913,-0.3672247863238506,0.14324068377997967,-0.4842659955152502,0.16972379823078698,-0.13419835252173046,0.23677172625607312
67.347000,0.20771898133575314,0.13512035487830837,0.10308364880532608,0.14765512141323323,-0.01664730711580331,0.15568619819109988,-0.13535438409266914,0.13811833333486717,-0.2508377001961205,0.17073127097854246,-0.3673389069596407,0.14196551316406192,-0.48413020745692065,0.16952984025822382,-0.13152016191413002,0.24176369104248324
67.397000,0.20787074195001795,0.13459264426529105,0.10340678971901049,0.1487807785121943,-0.016450490138349316,0.15463163017621012,-0.1353540293765976,0.1384468114679958,-0.25109436244276295,0.17013553661958675,-0.3674846830997065,0.14092435284739063,-0.4840349202975839,0.16949080535935807,-0.12977890087856894,0.24454814963210625
67.447000,0.2079445308336631,0.134004131355967,0.10373882140105654,0.14954459920906293,-0.01620222120449638,0.1533057556470256,-0.13531791064578527,0.13876434850243033,-0.2513053659585386,0.16953625464234015,-0.3676509509889003,0.14014739914241758,-0.4839354070225165,0.16977720310263156,-0.1278052650548956,0.24878788625134846
67.497000,0.20811273040667713,0.1339023610928303,0.10406919944891033,0.1508390899735101,-0.015919943152632565,0.15245329492826587,-0.1352180250505914,0.13949306131311623,-0.2514906067694148,0.16916942801010776,-0.3677984767617426,0.13963166611545266,-0.4838636904067425,0.17010897212230933,-0.1259387700094925,0.2527098707333906
67.547000,0.20821679877120627,0.1338150489095995,0.10443333496887615,0.15204203168429414,-0.015565243819980507,0.151458003729124,-0.13503315469881624,0.14017003357305105,-0.25161540617338696,0.16860555082029077,-0.3679155066790578,0.13903721264634772,-0.4837833584317571,0.17025645239065723,-0.12500985170905418,0.25443743521123136
67.597000,0.20832340372455538,0.13358745818467596,0.10477311354570935,0.153231985603195,-0.015197108201817106,0.15055880512869318,-0.13481686700401863,0.14101347621330015,-0.25170009125042764,0.16818537143177212,-0.36803512693761653,0.13875478408356598,-0.4837204107801647,0.17064389040953645,-0.12417266361237836,0.25587583718670054
67.647000,0.20836488911242346,0.1333700435800125,0.10508835846526403,0.1542340394229663,-0.014817397362912682,0.1494790715709559,-0.13457111294170535,0.14179482762157417,-0.25176346298918384,0.16760089455067578,-0.3681737281948043,0.13846929392940815,-0.4836940450118964,0.17095092569997422,-0.12265442584577532,0.25887726774549735
67.697000,0.20836885369969296,0.13307083082302887,0.10535808001778532,0.15518628573948567,-0.014452639998361522,0.14844897401948492,-0.1343126654542291,0.14265464077753504,-0.25180457017372354,0.16706063031668814,-0.3683230735673647,0.1383650145033638,-0.48370267266895384,0.17134300885045212,-0.1214565542134968,0.2613903097475211
67.747000,0.2083337356615931,0.13288637045354532,0.10557420781704362,0.15607597955442515,-0.014106268179624598,0.14732477019737575,-0.1340442343895526,0.14346675757088106,-0.25184793620314755,0.16632037520602935,-0.36849900358861315,0.1381684928918474,-0.48377662853461206,0.1715011973547247,-0.12049729750109583,0.2634395835203984
67.797000,0.20824715323709633,0.13281057171863414,0.10575068986238421,0.15693443928235748,-0.013771913613473935,0.14624111153312402,-0.1337560397310422,0.14428932266048122,-0.25186140121706224,0.1655289928146168,-0.36866308849695395,0.13800871213709612,-0.48387675473056535,0.17156182097978975,-0.12035009351865145,0.26355427460418124
67.847000,0.20817491668636462,0.13284616189631782,0.10587767956783563,0.15789164228421565,-0.013454179333437538,0.14524619048656756,-0.13345417869742948,0.1452338356516051,-0.2518617919196099,0.16471811472542605,-0.3688359583404712,0.13794043017009844,-0.48402794277378114,0.17156789992796279,-0.11983605366604516,0.2646619471314918
67.897000,0.20801392535698468,0.13303944522199726,0.105951407510591,0.15885848239264766,-0.013169265037043715,0.14435795234029547,-0.13315433583195774,0.14625077730301014,-0.25184257938013543,0.16394543309080284,-0.3690043080040054,0.13800069671005208,-0.4842091478500665,0.17158409850384568,-0.11960357782648859,0.2653157169416569
67.947000,0.20791490894616374,0.13315395244460296,0.10600875340325416,0.15972597109983525,-0.012874639785266484,0.1433938302731222,-0.1328135137829961,0.14722351748707563,-0.25177020873495404,0.1630129039889903,-0.3691398965228901,0.1380257795333359,-0.48439734583451893,0.1714281803179699,-0.11977397441276236,0.26536529480235505
67.997000,0.20778336014440066,0.13330556438875416,0.10606458678456224,0.16050119550478487,-0.01257508851804004,0.14248377493209796,-0.13243700227988048,0.148238914317823,-0.25162868186108434,0.16214371631611244,-0.3692221206136049,0.13823172847826964,-0.4845536707108103,0.17137737000435554,-0.12021209428907831,0.2650736732559512
68.047000,0.20770173837463507,0.1333919876598452,0.10611320527203043,0.16117530403603908,-0.0122681390446793,0.14153205283445364,-0.1320199492979606,0.14924593260160923,-0.25142478078740427,0.16118269166668261,-0.36925885949629655,0.1384862184863292,-0.4846987270893838,0.17125261850357953,-0.12099185814587726,0.26416292193480767
68.097000,0.2074470945310047,0.1335165303673812,0.10615127854835665,0.1617327279352836,-0.011976814658057167,0.14061985045691144,-0.13158837077461802,0.15026742234701945,-0.2511702771745775,0.16027580192371915,-0.36925145415944605,0.13890208811754745,-0.4848171380109654,0.17122193830177057,-0.12193151819222203,0.2627915101076617
68.147000,0.20725265848348293,0.13469945147465429,0.10584477657171501,0.1627418978192151,-0.011954817984854815,0.13986711864512202,-0.13142873702640864,0.15109131878619975,-0.25118538979331906,0.15872965093531052,-0.3694585510612576,0.13844519078366557,-0.4852808719750601,0.16983292689345397,-0.12320796900968861,0.2603288861807018
68.197000,0.20699329986827528,0.13573045954811783,0.10557879345657804,0.16396015679228612,-0.011866883377671666,0.1393326722892969,-0.13120297081244495,0.1519381566417587,-0.2510916881463473,0.1571049212030366,-0.36953621209114074,0.13784629333158072,-0.485662876362567,0.16808861211158543,-0.12462967412117776,0.25743840264642126
68.247000,0.2068167169234944,0.13574170208660716,0.10541125124608369,0.16411232955134933,-0.011765017121695448,0.13823333939712948,-0.13089760433408934,0.15263565393616663,-0.2508585339989985,0.1556975739107433,-0.3695471543780747,0.13800544592930647,-0.48589591690145095,0.16738171967665239,-0.12673586246099436,0.25476554022098213
68.297000,0.20652586780953933,0.1357492867111944,0.10518477649045527,0.164168110636653,-0.01174280084314086,0.13718771666443874,-0.13065361052469493,0.15331903219905,-0.2506493171925814,0.15433410917866022,-0.3695693898940956,0.1382712231158577,-0.48614947025614297,0.16671564019159535,-0.12891633023121532,0.25079157882364433
68.347000,0.20635146726548706,0.1357667230794265,0.10493880104400491,0.1641264950771156,-0.011753560190400608,0.13614627296329046,-0.130420014312077,0.15398647100557858,-0.2504152739174359,0.15291985380970557,-0.3695582020007903,0.13860333580690315,-0.4863910358933233,0.16599108716841254,-0.1309477023127447,0.2465287870528362
68.397000,0.20612999022710815,0.1358277621166115,0.10470007578884653,0.16400970438981113,-0.01177934693241739,0.13515586439370353,-0.13019352200890463,0.15460022452601432,-0.25015347311835134,0.15150020358750982,-0.36949547993562193,0.13895088452923024,-0.4865890878861808,0.1652013507559623,-0.13304399356881916,0.24162576497704985
68.447000,0.20600248356737505,0.13588885408722776,0.10446285472951078,0.16381098142434405,-0.01182439978334393,0.1341921624427852,-0.12997122847756576,0.15519994360830028,-0.24986048860033044,0.15004578924351125,-0.3693841841135634,0.13936467456104834,-0.4867537597078668,0.16435232600757438,-0.13331295985574798,0.24130968644531078
68.497000,0.205786839168456,0.13638808718133907,0.10417509914049576,0.163758802491019,-0.011925187033354018,0.13341537624713778,-0.12982155203731297,0.1557860515918057,-0.24960337812275027,0.14855320060502739,-0.3692730869710892,0.1396559663920081,-0.48693569320444896,0.16322524916002862,-0.13699061252984474,0.23085771801035218
68.547000,0.20571456954309433,0.13660831599480494,0.1038973818203659,0.16351012657800043,-0.012053042446628248,0.132598977990545,-0.12969758046132454,0.15625828217525967,-0.2493437324846212,0.1470496826656365,-0.3691348390754696,0.13997219858616824,-0.48707768505423055,0.16209650833318892,-0.1389010681201398,0.2250448765825054
68.597000,0.20556911452611493,0.13728889136706715,0.10361243382437188,0.16349794225490336,-0.012215843573247953,0.13213219413614574,-0.12960450140335042,0.15703004570608373,-0.2490797948368346,0.14582048465407846,-0.36896903036032525,0.14066575812469678,-0.487198920513231,0.16120092489775423,-0.1391042589034828,0.2245919241451168
68.647000,0.20553508672297616,0.13765777782161812,0.10337057500738267,0.163254203066977,-0.01237277884457516,0.13157651322941868,-0.12950596006562676,0.1576498300873963,-0.24878148406470735,0.1444836091431966,-0.36873990194539014,0.14132481513982675,-0.4872486709567447,0.16018407452647737,-0.1423555125750783,0.21354817737877116
68.697000,0.20556420573075804,0.1386280593723024,0.10313559669098847,0.16296422068985716,-0.0125417894894167,0.13104647757789697,-0.12944885810370657,0.15811559850956997,-0.2484981114576266,0.14303994677255347,-0.3684915702304017,0.1417870096300799,-0.48726730772426097,0.15888450016990202,-0.143759147172259,0.2079388872371406
68.747000,0.20554600682267304,0.13921848158473663,0.10291591407294973,0.16286116471518924,-0.012708847776645216,0.1307533082434242,-0.1294214836222876,0.15864883895943657,-0.24820666096949637,0.14161705565319585,-0.36820507845574535,0.14223333545433997,-0.4872447779051059,0.15738424153255054,-0.1452588098231417,0.2018378492957676
68.797000,0.20559383724232314,0.13959888850905539,0.10271354059470099,0.16226136693132007,-0.012924895029189837,0.1302027927654606,-0.12943791405790828,0.1589206683178231,-0.24796300390912013,0.1401642543361219,-0.36793561868604346,0.14272778774096642,-0.4871954302654606,0.15603558011864818,-0.1465900937590709,0.19558866793783278
68.847000,0.20570677214542604,0.1404903599900884,0.10256169699828106,0.1617721185395038,-0.013104213520904184,0.12981281408470555,-0.12945779888451012,0.15916997968831723,-0.2476907007314514,0.13865216012690917,-0.36760797183866134,0.14310727967415382,-0.4870761674749633,0.15439223565049554,-0.14795192810580932,0.18807169507760016
68.897000,0.20603796310143332,0.14236055668089853,0.102511991861945,0.16182269700949814,-0.013123060247396401,0.12975192024970694,-0.12942867361398658,0.15929856639016307,-0.247301690593973,0.13680519253959997,-0.36715403180042977,0.14275635270317064,-0.48682185121649674,0.15167896421019492,-0.14890644177012222,0.18159520195925485
68.947000,0.20627633860889213,0.1434507314953551,0.1025076453921558,0.16169310397875186,-0.01315725755988656,0.12973015316580164,-0.12942071257759735,0.1594422555316456,-0.24693072257037713,0.13512358880730674,-0.36669310950569256,0.14267148093262,-0.48651338630034,0.14923663659253955,-0.14986366228024584,0.17362521249624055
68.997000,0.20666914575976741,0.14450128617159944,0.10257334629359809,0.16122598121797865,-0.01319559543771473,0.12964193254956258,-0.12940527094332077,0.1595636858199041,-0.24658745390242137,0.13371149061606347,-0.3662309464611785,0.142954579295291,-0.48615055140660113,0.1473464296719986,-0.15043731728816948,0.16673560964894352
69.047000,0.2069615927926174,0.14509825497988527,0.10270181573982286,0.16052813264707957,-0.013246129549665198,0.12960768661038005,-0.129393470155572,0.15977049931308202,-0.24627972116771601,0.13261162738700102,-0.3657664681275922,0.14369843490500545,-0.48574430356375325,0.14600473151498639,-0.15058980422132984,0.16388294533484038
69.097000,0.20744219321668395,0.1459818760333266,0.10287828141251419,0.15977792043117187,-0.013261043040048798,0.1295842569288701,-0.12938555706300683,0.15983483118654013,-0.24598308577083358,0.1314620220338161,-0.3652974363626543,0.14427161776707856,-0.4852972416623591,0.14448778444587226,-0.15080068135625865,0.15123626480858682
69.147000,0.20777905512502598,0.1464757848980702,0.10309838283103563,0.15888653767147212,-0.013276271952360225,0.12961300484672356,-0.12939539120358667,0.15988428074178554,-0.24572798365293813,0.1304440372983426,-0.3648403543587462,0.1450126043123316,-0.4848258820052569,0.14314896395315074,-0.15053797507541908,0.14641093246642828
69.197000,0.2081170775197171,0.14706313374532304,0.10319499994995941,0.15792980404568394,-0.01343644731066257,0.12969674700470069,-0.12957144107488916,0.15990706351031156,-0.24567122902882688,0.12956173047481226,-0.36456394764187033,0.14582584621455655,-0.4845017917154501,0.14196403847965575,-0.15012145351217276,0.14144292202440092
69.247000,0.2082835984667093,0.1471648731199328,0.10333893976256718,0.1566775213297612,-0.013612948818280873,0.12980270493748214,-0.12974998484514816,0.16000516944713056,-0.24568517248831806,0.1290369233780881,-0.3643113360194308,0.1471430915484172,-0.48417575874245133,0.14144044610449913,-0.1499470269588501,0.1397272993251334
69.297000,0.2085463122396116,0.1476499562958499,0.10338457043419864,0.15552495706316133,-0.013852889867111362,0.1299246074705348,-0.1300612001975582,0.1598516621838815,-0.24582023045761361,0.12823130626142368,-0.3641957022649278,0.14790991574868148,-0.4839519772025267,0.1402656621573841,-0.1480988622389509,0.1210289701428979
69.347000,0.2088450382241282,0.1477569369865461,0.1036150011122094,0.1540741134308027,-0.013946388991210534,0.1300050553488739,-0.13022707510391945,0.15964965076115148,-0.245871318858773,0.1276120340213298,-0.36396173547602445,0.14893463947103944,-0.48358752623446427,0.13946520519977476,-0.1467079087831516,0.11272076971900036
69.397000,0.20917336090245997,0.14777611998065035,0.10380655421048221,0.1526063176289771,-0.014055085321101307,0.13005340416851932,-0.1304354281665401,0.1593043147531088,-0.2459925130694198,0.1269537338258263,-0.3638098114169468,0.1497371530799187,-0.4832864839225255,0.13854230064274353,-0.14576870363803338,0.10722117934819575
69.447000,0.20936868757575697,0.1477469978721226,0.10401355784299089,0.1509778121390272,-0.014174870141508339,0.1302053426277393,-0.13067582071795567,0.15897213790648973,-0.24619590668893634,0.12648968519166978,-0.363710064154787,0.15078830227059375,-0.48301289326031693,0.13787184117741308,-0.14546555685405343,0.10520172666097091
69.497000,0.20978559887539155,0.1478343751175677,0.10431898242127945,0.1493117024874665,-0.01415993465344037,0.13026580506041807,-0.1308234739958638,0.1583659578731482,-0.24631595117652333,0.12578547729543366,-0.3635550624619675,0.15137826504900256,-0.48265937219793514,0.13674394230011253,-0.14237725772022858,0.09110835571969353
69.547000,0.21000743620600615,0.14836279177090245,0.10462036399675327,0.14794229731186073,-0.014131241241302744,0.13067799155650062,-0.13099681304573293,0.15792570938399317,-0.24648212712739045,0.12531984746913397,-0.363463835389104,0.1520645653056253,-0.4823407829367343,0.13568557444562956,-0.14187117747997097,0.08903799207928823
69.597000,0.21037000592902041,0.14907315341736935,0.10496480681234464,0.1466464882956082,-0.014038500587635838,0.1312123434256859,-0.13111378832562248,0.15754439615743535,-0.24663129513229753,0.12505277229574197,-0.36336922396620214,0.15284226620207675,-0.482011549751495,0.13484230697277783,-0.13954539595932924,0.08053075190207568
69.647000,0.2105968526010729,0.1501111383739543,0.10526452671868347,0.14608224913554738,-0.013943462246495092,0.1323179704810789,-0.1313045123429391,0.15734563358133544,-0.24681964056801975,0.12484555433307565,-0.3633908047574138,0.15332648970271107,-0.48173948553010115,0.13348739296509488,-0.13749069015351179,0.07319965946635329
69.697000,0.21085196837416792,0.15154297499729996,0.10558413932711619,0.1453164404882914,-0.0138080612898972,0.13325400160443285,-0.13145074420503586,0.15692252831245063,-0.24700063060612723,0.12454624451250104,-0.36342755619018097,0.1536111890169249,-0.48147716944730357,0.1320638270010348,-0.13591247441344073,0.06844227210129572
69.747000,0.21098706599826716,0.15258144384368924,0.10588555530317946,0.1447233542367613,-0.013673118393194239,0.1344411587531094,-0.13160720388537156,0.1566121190192727,-0.24722635690891015,0.12448407123980801,-0.3635354792126546,0.1540169015974388,-0.4812698966746525,0.13080899464993506,-0.133681883006852,0.06212596482301688
69.797000,0.21116021155189854,0.15409880509171087,0.10618515502874129,0.14412255571790808,-0.01350964168495336,0.13556944869956045,-0.13173434061217132,0.1561344812443596,-0.24743868203681896,0.12431459162342318,-0.36367219991983885,0.15414359295665045,-0.4810822322554222,0.1293467321279629,-0.13128249842221562,0.056339158422423485
69.847000,0.2112788040651967,0.15507964699490942,0.10651500179473261,0.14351583408442864,-0.013296921834235004,0.13679996062474886,-0.13180390527216604,0.15567043694205301,-0.24763838329177687,0.12432759562343146,-0.36381667466948586,0.1543709744706272,-0.48090364228961935,0.1280909057203034,-0.12972998200443994,0.05231525289356567
69.897000,0.21148686619338347,0.15612146440513486,0.1068736492907751,0.14290684837128295,-0.013024470782727504,0.13796308433565713,-0.13180212441969733,0.1550472581961641,-0.247778930423008,0.12423523993590654,-0.3639448723843308,0.15432633377176663,-0.4807079477262721,0.12664268811784002,-0.12815289843085248,0.049826353776879384
69.947000,0.21149324610151465,0.15598275804757694,0.10716922293046341,0.141464474250292,-0.012796064441666394,0.1385783305044488,-0.13178640077270293,0.15411216003300035,-0.24800285262559685,0.12421673699330377,-0.36411353165833216,0.15452037067883043,-0.4806341926147425,0.12583351706467585,-0.12588672713993904,0.0451779548590133
69.997000,0.2114809151784312,0.15642927323881084,0.10739842896625412,0.13996812005320344,-0.01259876253502401,0.1391471256538208,-0.13180008918735484,0.15296898241437892,-0.2482706479885978,0.12407938337747329,-0.3643704077380473,0.15442482432129623,-0.4806486814529961,0.1247707679064069,-0.12334641721614861,0.0395521743341955
70.047000,0.21141513783055282,0.15729950867768125,0.10760219681082314,0.13929273283602983,-0.012393314915276094,0.1403305987187054,-0.13181340909118439,0.15211368435075268,-0.2485048566796576,0.12412965212338903,-0.3646862679223819,0.1541609638102155,-0.48068001149166384,0.12341276950912339,-0.12249225104539263,0.03906617224083661
70.097000,0.21128825956828912,0.1585454178610893,0.1077967972982807,0.13870734479702795,-0.012171507596438397,0.14146521003794235,-0.13178243128626768,0.15112061961310502,-0.24868622674583576,0.12403736635309412,-0.3649969584856467,0.1535638575456261,-0.48071000133011976,0.12177562519982585,-0.12079451235752725,0.03556134850716053
70.147000,0.21119124644509116,0.15933380511037062,0.10798763055994262,0.13813292569754196,-0.011927493181721482,0.14264547464696672,-0.13169555584939346,0.1501027640226042,-0.24883630136956308,0.12406345260739415,-0.36530319947274104,0.15296780602034668,-0.48076081904843304,0.12026401293890723,-0.11946834186677377,0.032022036307610635
70.197000,0.2110068702735413,0.16044958889085614,0.10816590131961246,0.1375708206350141,-0.01167639197178777,0.14372100263701543,-0.13156298010871698,0.1489369383043801,-0.24893434656348606,0.1239577001947001,-0.3655908912063962,0.15208687707521598,-0.48080946065878094,0.11855060934391579,-0.1188253520393335,0.031011569897486213
70.247000,0.2108625380285513,0.1611468240551247,0.10831407670751653,0.1370237438389804,-0.011431769404423225,0.1448296607572862,-0.13139633148629504,0.14774579595727752,-0.24901616096440765,0.12396396016733849,-0.3658852194613972,0.15119671922745853,-0.4808972193583052,0.11695873038883992,-0.11726635910428104,0.027658636849587248
70.297000,0.21063728896086817,0.1625200255364988,0.10848828767715347,0.13676854159363105,-0.011153185555565687,0.14603773156278463,-0.13115203315974353,0.1465636342578426,-0.24899622322814105,0.12391971968710688,-0.3661169865871674,0.1500487608135325,-0.48092360764164066,0.11512828312476667,-0.11803913435348395,0.030071797354713797
70.347000,0.21043483437728336,0.16346638904919164,0.10857958527924508,0.1365524228784539,-0.010935283986522493,0.1473318488550798,-0.13092085693621602,0.1454711275076581,-0.24900966760803833,0.1241396298079315,-0.3663877267147822,0.14908740005564947,-0.48104066481311486,0.113665601888153,-0.11720674754791899,0.02855631010346027
70.397000,0.21007202696177368,0.164933954736767,0.10862422500450104,0.1365196246829517,-0.01076664951214898,0.1485951819019588,-0.13068847136467762,0.14426428781754935,-0.24899245471036005,0.12416036967842814,-0.3666573567651792,0.1477181884320771,-0.48115581271600316,0.1118001764481544,-0.1172722715813338,0.028870937738596114
70.447000,0.2098168081169151,0.16578674864841886,0.10863248914603262,0.13649252759469874,-0.010622255495356642,0.14984565009533565,-0.13043325649626603,0.14311333703368379,-0.24895673832028364,0.12434676418961488,-0.36690087000697036,0.14646421885043637,-0.4812977537007934,0.11022400636289786,-0.11688216869522239,0.028199788679820786
70.497000,0.20942710376822107,0.1668554880245466,0.10861056481950693,0.13641004783920901,-0.010496904608712776,0.15101863183649233,-0.13014890102019538,0.1418862852187516,-0.24889237846894202,0.12456616502924331,-0.367115406562021,0.14514080059109538,-0.4814558225444192,0.10872282051295076,-0.11728818877747296,0.029349748023478006
70.548000,0.20916770365155535,0.16741993368246252,0.10855303685378227,0.1362860495873968,-0.010392697342195778,0.15215779544535718,-0.12984215698372384,0.14067621927538054,-0.24880710616426258,0.12494914496157924,-0.36729871079808274,0.14391594836390276,-0.4816430062591247,0.10751015081024523,-0.11735592193059391,0.02973711012791766
70.597000,0.20881560189279055,0.168062724837838,0.10846670485973631,0.13612918151142864,-0.010322442984478958,0.1531332502729081,-0.12954238733983142,0.13947291104188353,-0.2487023763869151,0.1252990967952213,-0.3674373074273178,0.14267770867392932,-0.4818213941507818,0.10639712565161541,-0.11581973779503699,0.02656950494231733
70.647000,0.20864849867565968,0.1683373053691014,0.10840602224467365,0.13598071260406663,-0.010205090270509004,0.15418521720867984,-0.12916872669885188,0.13844821605508914,-0.24852526059566898,0.12603782467863553,-0.36748360146919173,0.14181480590362006,-0.48198509480046475,0.10590647791146057,-0.11878363676980239,0.03287023303300379
70.697000,0.20841631951038417,0.16829401302834784,0.10836066672907699,0.13563080467996597,-0.010064036189116415,0.1550109421407796,-0.12873892271150586,0.13722692384132126,-0.2482767444318528,0.12670508093682212,-0.36744805147157766,0.1407834178991223,-0.4821202422893708,0.1054239970956633,-0.1199995984584997,0.035367887130034276
70.747000,0.20831109545523468,0.1682109578673137,0.10829259931241779,0.1352691038910978,-0.009949016884347323,0.15573664397999126,-0.1283054545356668,0.13594387595440713,-0.2479977784423826,0.1273562337979837,-0.36736752794617944,0.1396388598386007,-0.4822466859345643,0.10495775463652413,-0.12115670724170755,0.03749783238128929
70.797000,0.20810645363303787,0.16795037699807058,0.1081406647666646,0.1348966741674011,-0.009919410936168771,0.15638663752241733,-0.12795444558665492,0.13475955739005407,-0.247771249530451,0.12813132288201048,-0.3673084903028133,0.1386597638165946,-0.48243466734313856,0.1048076832298371,-0.1226948786027299,0.04069286744009734
70.847000,0.20806565927319243,0.16789214774024158,0.10808736531591447,0.13472505309513208,-0.00980528677789605,0.1571152871780471,-0.127492020327442,0.13366677450798378,-0.24740165818807924,0.1290107302501629,-0.3670896892535738,0.13765799685095456,-0.4824864186923193,0.10473999516736301,-0.12427134062165077,0.04388341192828685
70.897000,0.20801552285053865,0.16752117930103982,0.10801584291804553,0.13457557877271237,-0.009726354902292483,0.15774398079866064,-0.1270606412594161,0.1325911430847094,-0.24702964166457,0.12986370073184222,-0.36683924335873375,0.1366208703971442,-0.4825218867959765,0.10472218692319052,-0.12397712379645243,0.04244793433005606
70.947000,0.20798959460820363,0.1671987471433092,0.1079257677898021,0.13436788885428713,-0.009681243033301479,0.15821303522109087,-0.12664953518553135,0.13140970276054512,-0.24664706793600044,0.1306402004538021,-0.36655188867053495,0.13541869023814895,-0.4825459591284407,0.10467172911015482,-0.12795824362285801,0.051491647055591644
70.997000,0.20784103603160442,0.16676375410791924,0.10770483270942409,0.1342723182358904,-0.00979178287028587,0.15865561840852357,-0.12639510939762405,0.13030664589182078,-0.24638993999482017,0.1314204815818446,-0.36635755959008964,0.13420799815379073,-0.48266532097995707,0.10466980862783062,-0.12984291806056453,0.0559128513618794
71.047000,0.20776785521068153,0.16640343662051368,0.10750472269070536,0.1342236323934114,-0.009904012065982098,0.1590266363008721,-0.12613589422813937,0.12919126184298407,-0.24609835019650633,0.13219278779447363,-0.36609623283353426,0.1329056430602626,-0.4827333866786076,0.10469617048595303,-0.1317380453521039,0.06077759930472901
71.097000,0.20767785949514792,0.1657984165936546,0.10727275396658821,0.1342080364672859,-0.010072833210083537,0.1593080996178463,-0.12594642108499118,0.12811015684919463,-0.2458497697692452,0.1329254423342112,-0.3658422509619157,0.13158214146449482,-0.48280612558825187,0.10475953845146257,-0.13365416215815698,0.06583756018000048
71.147000,0.2076498987463473,0.16531592845981227,0.10704509304013192,0.1342199440460119,-0.010264639883932919,0.15948704837722788,-0.12578212572373687,0.12699534997208617,-0.2455998275042045,0.13360733454911772,-0.3655496141793742,0.13013621418513044,-0.4828465803380913,0.10480990908626647,-0.13571155064208718,0.07145022916806973
71.197000,0.20765471348887618,0.16443759823816811,0.10682247714459825,0.13422504203275068,-0.010468575426529292,0.159578720005718,-0.1256627790811289,0.12595885319481967,-0.24537109680251526,0.13432059154970877,-0.365243901732774,0.12879694799204777,-0.4828707862975212,0.10505003182190886,-0.13768358925999613,0.07739423831315531
71.247000,0.2076954278457472,0.16377299300674922,0.1066155429426001,0.13423186172191692,-0.010683604506869782,0.1595480622193593,-0.12557060344126642,0.12489294029132092,-0.24514569845495088,0.13498237300421953,-0.36490365395681995,0.12736449311462236,-0.48285956693210247,0.10530995629864268,-0.13942670713993957,0.08324809712855818
71.297000,0.20769229514492452,0.16269479997470054,0.10637970546623048,0.13426836934096972,-0.01094653549405658,0.15945870840426457,-0.12556415985589459,0.12392280844880071,-0.24498792259813823,0.13566865420304897,-0.36460063024288497,0.1260353697220264,-0.4828699916396441,0.1057287659980648,-0.1410104555708592,0.08912841102130994
71.347000,0.20769933260574677,0.16276714027200925,0.1060996683430115,0.13480354093431768,-0.011301009536094114,0.15964465267968933,-0.125645465263017,0.12323935851374926,-0.2449098189025289,0.13650638345111454,-0.3643313408235672,0.12473777682271503,-0.4828885615283228,0.10618554195746038,-0.14142584041673295,0.09044043863168433
71.397000,0.20780074124303227,0.1626361915933991,0.10590607991784018,0.13575305881210145,-0.011614472194196673,0.16002072930768116,-0.1256839190914437,0.12276269279800797,-0.24479688790896845,0.13732636882692964,-0.3639828941499784,0.12337302097353134,-0.48278657539732694,0.10647079265657769,-0.14395107874921803,0.1020069305910187
71.447000,0.20791900937324148,0.16245182498145724,0.10578261481449228,0.13659681103714705,-0.01188330774702226,0.1601495320635521,-0.1257056772842599,0.12214337212955548,-0.24466144327422362,0.1379397558214321,-0.3635694612434962,0.12178787473534253,-0.4826062513346169,0.1066141275118484,-0.1452971093549918,0.10929733988471152
71.497000,0.2081211756701629,0.16207560765500514,0.10565954791157026,0.1374314294459207,-0.012151953032828927,0.16024480809152775,-0.12579035287535492,0.12169206394496679,-0.2445811929576384,0.13868430666172862,-0.3631945129255948,0.12049419049444779,-0.48244714272254485,0.10712219413969018,-0.14661772866929407,0.11846087358591753
71.547000,0.20827701662224776,0.16180943058707892,0.1055587198040059,0.1383296881728846,-0.012422999669394308,0.16024575237474142,-0.12590797462709946,0.12124369526426301,-0.2445360218622613,0.1393375176678416,-0.3628169073465143,0.11909814690042267,-0.4822624886156852,0.10757629308821523,-0.14725408464771256,0.1252190630702455
71.597000,0.20853904014088862,0.1613921498572021,0.10547932387477962,0.13927861858260215,-0.012676575693989861,0.1602353214982532,-0.12605908961209614,0.12093639609805354,-0.24452839036981686,0.1400420177308795,-0.36246391427554747,0.11787871019159507,-0.4820742658230086,0.10821621555031752,-0.14778826458842295,0.1333462085582628
71.647000,0.20872937286801344,0.16110258200797686,0.10543148876605836,0.14027613770927655,-0.012920113877315759,0.16009779636199456,-0.1262292797864492,0.12058788721281458,-0.24455234126227215,0.14057921340665827,-0.36210764353899894,0.11648043944142572,-0.48185454441487563,0.10869071989429191,-0.14808030438455405,0.1417275960010887
71.697000,0.20913266642787767,0.16067475501828948,0.10544842182893391,0.14139117834343468,-0.01309684502523445,0.16001964329265372,-0.1263815984896505,0.12043979198261259,-0.2445692076726327,0.14121691968221037,-0.36173972736619264,0.11531191411786551,-0.4815930590580625,0.10938073530698628,-0.14812442265241477,0.1484461195697432
71.747000,0.20935910504436597,0.16032483929469254,0.10551544127476666,0.14242063645856312,-0.013219853612044585,0.15979676210754556,-0.12654971816455796,0.12034626407096657,-0.2446010149026916,0.14188440074062972,-0.3613853642808012,0.1142906380637061,-0.4813199495049069,0.11032891284553797,-0.14798674972036444,0.155085252556275
71.797000,0.20955796230707074,0.160108857990964,0.10543537424128799,0.14369955183679636,-0.01350826386883422,0.15958699823611183,-0.12686682341398264,0.12021902930439807,-0.24483132669864455,0.1422275722994999,-0.36119123603238407,0.1128954823670979,-0.48117079507051114,0.11068066567570634,-0.1479204076304606,0.15682274539272367
71.847000,0.2097715648900795,0.159798279910523,0.1054482808618665,0.1448723635138069,-0.013699343891258847,0.15914974127333786,-0.12713440038912321,0.12000273682438653,-0.24502955293140027,0.14237980113213558,-0.36095547315137816,0.11137688157362971,-0.4809546559795506,0.11093402655129161,-0.14719396559886963,0.16780915658350243
71.897000,0.21010165873242068,0.15931920845219388,0.10551017299653077,0.14603171633236808,-0.013817785191898607,0.158713924128349,-0.12738786449381967,0.11996038122766256,-0.24522287087286487,0.14265203766015752,-0.360742660493943,0.11016853098520282,-0.4807352733146265,0.11150002205372242,-0.14633227984838895,0.17594537541305666
71.947000,0.21031774615222787,0.1589974628448715,0.10558989543362574,0.1472162693258751,-0.013912535340029397,0.15813272658946376,-0.12764509283847086,0.11985864443373201,-0.2454516032561479,0.14269777977659806,-0.36055245339845476,0.10875968471340666,-0.4805135461161645,0.11181520986843749,-0.14602307124675473,0.17972381313090718
71.997000,0.21063311944435748,0.15851482854446242,0.10568660512577197,0.14841436278854667,-0.013964397489490021,0.15755972080026842,-0.12790036524007897,0.11989547711030799,-0.24569505633259886,0.14279549349497034,-0.36040620474191964,0.10756266178057683,-0.48031284053912593,0.11229538740077499,-0.1449614010175069,0.18758595119610408
72.047000,0.21088291268529175,0.1581747022093807,0.1058205322863125,0.14961203807015977,-0.013962301931150028,0.1568281746233122,-0.1281267402349427,0.11986223048557618,-0.2459429224441702,0.14265142110677917,-0.36026163378737436,0.10616536574221175,-0.48009379993346796,0.11250980871769128,-0.14467811712602244,0.18954917128689822
72.097000,0.21120146632761325,0.15795095650974683,0.10601327876472369,0.1509709940551924,-0.013872349937650685,0.15620893550545956,-0.1282806970818124,0.12000492876945032,-0.24614538202364855,0.14254192154935932,-0.3600912604406478,0.10490767130070369,-0.47983503768785213,0.1127452608901027,-0.14296771781624681,0.19772616181387537
72.147000,0.2113820100264538,0.1576576546553185,0.10613659595603439,0.15223794729210272,-0.013821489300555406,0.15540934786168312,-0.12851180644068633,0.12010876494445366,-0.24644716071435163,0.14227297511186218,-0.3600441611372475,0.10359841635651781,-0.47968279851641443,0.11290413750300668,-0.14155241693297516,0.20447026203166335
72.197000,0.2116393040582239,0.15721740670178153,0.10628391622791486,0.15345692807973563,-0.013710756345713254,0.15458765967820404,-0.12870748630383305,0.12029841794060844,-0.24672683372207432,0.14201094047882246,-0.36002033679414475,0.10245614100190983,-0.4795420869726989,0.11315900203320975,-0.14005689645674005,0.21087845534178387
72.247000,0.2118009573458208,0.15692492812205933,0.10644303346664745,0.1546589010911193,-0.013552490608591872,0.15362246396873303,-0.1288712359192667,0.12043230006477351,-0.24700432638674596,0.14151719837143725,-0.360010826183792,0.10114974856815928,-0.47940869115579965,0.11315599028346163,-0.13887289802139943,0.21499849764442994
72.297000,0.21203248100175073,0.15649006826881223,0.10661578657460027,0.15584049468892908,-0.013342759420682138,0.15268656972189265,-0.12900041991460112,0.12069742204532347,-0.24725511817054988,0.14108924247397792,-0.3600279247910553,0.10007346396211692,-0.4792956501116664,0.11331014394039168,-0.1378208718261679,0.21880610001683543
72.347000,0.2121775986104204,0.15620512874129705,0.10680009234395167,0.15699609178072,-0.013079296242473532,0.1516172264594035,-0.12908493005644783,0.12091392169561507,-0.24748602192853614,0.14043779025431238,-0.3600499708660137,0.09885224709805551,-0.47918752814366045,0.11321339071252445,-0.1363060121983018,0.2241486494137367
72.397000,0.21236522192356294,0.1557897831187461,0.10698807829017522,0.15812477406864522,-0.01277487125739421,0.1505858142155656,-0.1291350669864638,0.12125486043133632,-0.24768527722080005,0.1398518401160763,-0.3600965620006199,0.09785537533449928,-0.4791037631819173,0.11325946787493041,-0.13531239702028114,0.227185755899932
72.447000,0.2124593763425751,0.15551398934443608,0.10716242562714146,0.15928700516807984,-0.012447844440732131,0.14962350195808985,-0.12919300227450684,0.12186439314232744,-0.24789235132268092,0.1394843969828643,-0.3602257977914193,0.09728016965801745,-0.47909266676292583,0.11373214402977938,-0.13388426387729951,0.2317158233539264
72.497000,0.2125715276908283,0.15521445736840203,0.1073200168907762,0.1604267644450847,-0.012105826146426246,0.14870208897607992,-0.12922591497021013,0.12257002449757087,-0.2480754477192077,0.13914677222880376,-0.36038231137358706,0.09687185796376191,-0.4791147213928772,0.11426768536607385,-0.13251376658156971,0.23583811574999278
72.547000,0.2126802177157791,0.15512550793948823,0.10751436305844986,0.1617112731420006,-0.011674246797606092,0.1477801827115682,-0.12914460443971115,0.12327069321390793,-0.2481667191792329,0.1385591268463021,-0.36045510269017056,0.09623515103470612,-0.4790769548694094,0.11436954337541658,-0.1317794833189752,0.23767109180990148
72.597000,0.21282762005707534,0.15475197827942494,0.10773808058305566,0.16280644831861996,-0.011196962967434831,0.14685478960728407,-0.12902214527346706,0.12411217730020227,-0.24819659398066096,0.13816389517868244,-0.3605536207030405,0.09602248388164114,-0.4790602580523072,0.11489513351462388,-0.13112875019465126,0.23930199274218114
72.647000,0.21291478483921072,0.15451857191900695,0.10795574191039183,0.163819329522052,-0.010685546896312209,0.14581253662925092,-0.12885127953630354,0.12491134935067583,-0.24818087868058675,0.13757810773886026,-0.360648163664711,0.09573184376822969,-0.47905541811955843,0.1152183029762256,-0.13006515147885442,0.24246186422287175
72.697000,0.21300400611710335,0.1541920982142734,0.10816110611505861,0.16477779294910325,-0.010167534417258178,0.14481951572450943,-0.12864956140203027,0.12579297422113303,-0.24812102338586223,0.1370432973918579,-0.3607470193401684,0.0956260903964499,-0.47906802732751774,0.1156295668157514,-0.12968624708714407,0.24342705111936838
72.747000,0.2130225494117313,0.15399062476059827,0.10832018532770532,0.16567300614779412,-0.009657514107418996,0.14373531173850287,-0.12843245644140955,0.12663229815734664,-0.24804133057103123,0.13631306411073643,-0.3608619281484587,0.09542892583839327,-0.4791195270096564,0.11580391814720123,-0.1288995415465862,0.24565384568933946
72.797000,0.21263524066475537,0.15494369607464006,0.10814233328030723,0.1670193799335528,-0.009431349000499717,0.1430104392141214,-0.1284424357169903,0.12763639491923578,-0.2481833016296646,0.13551833818037154,-0.3611690764154637,0.09509291677515502,-0.47941515663900147,0.11553465130714463,-0.12872471203925767,0.24587701738287138
72.847000,0.21227485994774986,0.15631507766128847,0.10782396136657012,0.16892364642123744,-0.009218152465602814,0.14244453031737858,-0.1283974892271739,0.12843433085359315,-0.2482695816342537,0.1339734157862302,-0.36132158173082807,0.09373356894118456,-0.4796497925076044,0.11369439393192143,-0.12823593516724582,0.2471603436366757
72.897000,0.21175307582125366,0.15791321754412577,0.10737941134736938,0.17093762652740696,-0.009085735525527161,0.1420262176398261,-0.12840693569793227,0.12928058350868396,-0.24836697914094708,0.13237702939651488,-0.3614929134564308,0.09234550450374096,-0.4799321197296173,0.11163680869403073,-0.12796212991804823,0.24796749314047262
72.947000,0.21157200788433625,0.15809005719362798,0.10717666849384119,0.1719861804045823,-0.008800061533793008,0.1411738761724406,-0.12830099524474758,0.13024104295288907,-0.2482963404865256,0.13129798207264828,-0.36170763511230836,0.09208219123144651,-0.4801953673398474,0.11107317097371738,-0.12841092038064242,0.24822369359554264
72.997000,0.2114553918137743,0.15821471874470144,0.107155871912167,0.17270167246475404,-0.008372271259168312,0.14024788785675374,-0.12803343928293087,0.13123651353384355,-0.2480304915477341,0.13039541439773114,-0.3617962767151002,0.0922202113825302,-0.48032583002145035,0.11094839850770633,-0.1296298983794974,0.24780566092903347
73.047000,0.21138328730506534,0.15830753127575373,0.1071444847088601,0.17337940216416045,-0.007921594320005054,0.13932360299687185,-0.1277128476631668,0.1322486031753905,-0.2476792005554758,0.12940709411901075,-0.36182660263217015,0.09238857714248677,-0.48042029182899637,0.11070624300596282,-0.13104320709658904,0.24668307091133249
73.097000,0.21117488588627614,0.15851204307893035,0.10711731227046162,0.17397171658617744,-0.007512880535294364,0.13847638031061643,-0.12740225370765065,0.1333248562313445,-0.2473066227335212,0.12853504532613605,-0.3618581439514521,0.09278663296057968,-0.480523668865089,0.11063301065944783,-0.13202798994139178,0.24444511891162699
73.147000,0.21086396298319623,0.15870560300770772,0.10682016213352064,0.1744856554440665,-0.0073383562754833764,0.13750143374891582,-0.12729187718793256,0.1341618501172476,-0.24709141634825926,0.1272285668825973,-0.3620339738359194,0.09275816709185303,-0.48080677294937535,0.10987605735653455,-0.13301157958817694,0.2417091460495197
73.197000,0.21049928534406542,0.1589946247581568,0.10645716784829576,0.17494580364705606,-0.007258804791599877,0.13662247437846559,-0.12724848063433092,0.1350484072462032,-0.24690854630096537,0.1260224068842688,-0.3622503397120859,0.09291242813670644,-0.4811356263942414,0.10923077979346146,-0.13271846443888158,0.24330021206120675
73.247000,0.21034207914879666,0.15905030520335212,0.10628678702078471,0.17521742306483515,-0.007007757854305935,0.13566560766353,-0.12700756410940256,0.1358812433169116,-0.24648906960757305,0.1247380909852967,-0.36225333292069595,0.0931368989260829,-0.48125928912433924,0.10855060672315436,-0.13511333123002348,0.23540551433972318
73.297000,0.21008767401622608,0.15927149845212493,0.10604994437010504,0.17540376122200532,-0.006839419801997648,0.1347098863085093,-0.1268247537980961,0.13658595289695638,-0.24608967506734697,0.12332403167566924,-0.3622556971889777,0.09323324731089491,-0.48139110523580614,0.1076122093520486,-0.13633004539200755,0.23179057743029513
73.347000,0.20992541247449883,0.15945927223743733,0.10585558959934468,0.17541337418422373,-0.006655265193271642,0.13368439679638455,-0.12660342472830655,0.13721129687391498,-0.24561074309162806,0.12180810967221223,-0.36218795017655087,0.09335191898760015,-0.48145695096507063,0.10657710144028038,-0.13781183818067044,0.22801531537452038
73.397000,0.20970853858288757,0.159765207853391,0.10561314562230015,0.17554297315713058,-0.006532687015896904,0.13284271294956118,-0.12642799806210217,0.13785413880789896,-0.24513701860742063,0.12029941177636211,-0.36209222312522327,0.09343902949764024,-0.4814980140553339,0.10536618726266764,-0.13916317026843594,0.22372018757068762
73.447000,0.2095015909370536,0.15997122661250063,0.10535079440273086,0.17526698153003586,-0.0064862080460163785,0.13176428183334465,-0.12630869353809027,0.13828900178073422,-0.24468801646046295,0.11863357240302966,-0.3620342024920687,0.09353630914363015,-0.4815678219910073,0.10410578449723062,-0.140500932102284,0.21889927070836795
73.497000,0.2093266874035671,0.16017407124634717,0.1051353895462656,0.175067592262284,-0.006453042792827629,0.13093119267983142,-0.1261877193195267,0.13890660721736145,-0.24422052646188022,0.11726737344870894,-0.361941122847775,0.0939894614601382,-0.48158843798703765,0.10318293631813907,-0.14063910361757875,0.218928441956843
73.547000,0.20919627653220402,0.16073725074763381,0.10487971242209307,0.17510583323147774,-0.006499435920721747,0.13044393354312178,-0.1261334467157152,0.1398089454676569,-0.24378443638619174,0.11618174449509844,-0.3618652851400018,0.0948062174804804,-0.48161855917355634,0.10249733881499928,-0.14095342240381661,0.21859744955841076
73.597000,0.20909964656153604,0.16118068225876664,0.10467667926022575,0.1750024855513163,-0.0065072239986368186,0.12985672551870361,-0.12604251740052683,0.140407252893886,-0.24327646156335728,0.11479080632360808,-0.36167068922616463,0.09522535575889998,-0.4815180448685784,0.10127608656512535,-0.14416139344403284,0.20234549642445143
73.647000,0.20904933908721804,0.16132095338330468,0.10454160998627483,0.17442927215885773,-0.006540439865886233,0.12903347721080816,-0.12596013220285568,0.14082063468265954,-0.2427743265632259,0.11335349075398934,-0.36148235943317364,0.0957920861373395,-0.4814009259137395,0.10021220070784514,-0.1453492008018074,0.1958376025074265
73.697000,0.20899350451666535,0.16156412743280807,0.10439097065730507,0.17383674577086447,-0.006627964016444138,0.1282868155476036,-0.12593511024915763,0.14116333904925732,-0.2423166022560234,0.11191700050723821,-0.3612976566980868,0.09631223572688724,-0.4812666141209089,0.0990415680198441,-0.14617800567824094,0.1897674702208191
73.747000,0.20897461578752513,0.16172903139915237,0.10425976175872037,0.17315130334355813,-0.006755444139057459,0.12759228602236974,-0.12594750355986067,0.1414938316523698,-0.24188214437932204,0.11052353849907645,-0.3611122951365176,0.09695257131112975,-0.4811084768589749,0.09790984452070878,-0.1470203180017203,0.1829974459624998
73.797000,0.20897768731900465,0.1620021381597456,0.1041516824389451,0.17239472468507583,-0.00689881336823156,0.12692179448579502,-0.12598508363615857,0.14170219480602245,-0.24146963311592118,0.1090936248982475,-0.3609079305028267,0.09749650813083352,-0.4809048897369416,0.09664223969701652,-0.14752600254080786,0.17647329344942914
73.847000,0.20889257835708736,0.1627292970924911,0.10400768196060906,0.17179943916986468,-0.007070978202381839,0.12639535069367935,-0.12607828006041777,0.1417986652803887,-0.2410797897157333,0.10752545745858694,-0.36067883998390543,0.09772407108186532,-0.48064582130378847,0.09490921896033627,-0.1476553973680423,0.17463893112692289
73.897000,0.20879658916496363,0.16442729712330356,0.10380732379113962,0.17175881638487547,-0.007275716697016349,0.12636544554830192,-0.12624126609158118,0.14208797897168363,-0.2406821121006126,0.1059868326638842,-0.36040441450722327,0.09782776982186392,-0.48029611797199534,0.0927307667499419,-0.1480715861869448,0.16199357827977123
73.947000,0.20881141521926036,0.1651755672431105,0.10365326309774217,0.17144343119384936,-0.007539030925715506,0.1263183411707242,-0.1264568213442131,0.14239811485583306,-0.24039475549595696,0.10473982013715627,-0.36022338572607926,0.09832894054429409,-0.48000635943829595,0.09111511987539053,-0.1480190231199631,0.1538486576592229
73.997000,0.20893160328454874,0.16622378642882357,0.10366382604263853,0.17091190015819624,-0.007707510731528644,0.1262305243386248,-0.12658518449664116,0.14260424353097068,-0.24003690506332473,0.10350555940406289,-0.3599485433031905,0.09890132063626667,-0.47958381436164055,0.08955242130153093,-0.14776796472714196,0.14693133848760595
74.047000,0.20903526600922132,0.16686280752422608,0.10372299113874517,0.17023513189720946,-0.00790002376747348,0.12618626649474893,-0.12674481337118193,0.14279698544511313,-0.239743257477807,0.10240699126981748,-0.3597118034012594,0.09965963089808866,-0.4791630027580428,0.08819616840955796,-0.14732357232104845,0.13857076666151752
74.097000,0.20923209274219376,0.16778205171105995,0.1038396215165488,0.16947906832591386,-0.008056778326135577,0.12612937741299912,-0.1268893558544216,0.14282723709569173,-0.23945687610966823,0.10125136207683155,-0.35945263593380183,0.10024258845075434,-0.4786839734631947,0.08668205192184064,-0.14664893321868794,0.13169932197723982
74.147000,0.20939567111489293,0.16834398292857009,0.10401106676262002,0.16862624186808556,-0.008220982669269739,0.126153108238497,-0.12705228338330965,0.14286005202269134,-0.23922732892785276,0.10023659419629335,-0.35922495066719773,0.10099209197976103,-0.4782005602368651,0.08534586791367935,-0.14628101888576736,0.12881660535413497
74.197000,0.20961405072225284,0.16878214411106765,0.10421218465263171,0.16754519456722888,-0.008404393493680856,0.1261023866778945,-0.1272406442385335,0.14277408414519857,-0.23908884876584932,0.09930019378172827,-0.35906288803978437,0.10179616884962508,-0.4777646193851536,0.08419222124449591,-0.14436410552601286,0.11685573060628496
74.247000,0.20979520033801058,0.16934456533074912,0.10445462212654007,0.16648286306504495,-0.00860685102811981,0.1262696402639602,-0.12745646021565699,0.1428458399461689,-0.2390363177681915,0.09868776720186187,-0.3589603134980848,0.1029580421523299,-0.47736294827348674,0.08344353272367849,-0.14263320430671148,0.10855414739289682
74.297000,0.21016140483510248,0.17003969757136583,0.10477634777889284,0.16550655583680565,-0.008695432445305767,0.1264661268848697,-0.1275926509389931,0.14269731397837493,-0.2388978365136483,0.09785140375022217,-0.35875765284778405,0.10365006121098866,-0.47681676489654556,0.08215480447239823,-0.1410895139987701,0.10215541679446685
74.347000,0.2104230095726553,0.17041880480432375,0.1051855144685484,0.1643134231651136,-0.008746016251569844,0.12663575991789633,-0.12769914032512697,0.14245202601141138,-0.23879358579291426,0.09708657455102385,-0.3585689848827034,0.10442508753947999,-0.47626165357298766,0.08100638269572391,-0.14010845630858643,0.09849451679533314
74.397000,0.2107964161717081,0.1709130195872324,0.1056139834516752,0.16304937770202305,-0.008770567050631145,0.1267702568970027,-0.12779509908593736,0.14203985983147088,-0.2387163155002213,0.09625248439701886,-0.3583979203615322,0.10498824182388283,-0.4757028712288641,0.0796989456293899,-0.13656274055029113,0.08625896110854625
74.447000,0.21102534216176635,0.17119088567800234,0.10604646626195205,0.16171300944998826,-0.008825867690241296,0.1270093080281557,-0.1279290994182451,0.141652401688492,-0.23874483229682059,0.09561031934435735,-0.3583173232706895,0.1057305664907468,-0.4752184900531106,0.07863596915274362,-0.13458433961333646,0.08055799091510266
74.497000,0.21136391234023383,0.17152777485325918,0.10649251463230586,0.16031496342342086,-0.008850143936939114,0.12720799868518914,-0.1280432227560742,0.14110080119639667,-0.238791703738179,0.09489718705035577,-0.35825328551715063,0.10625194283223158,-0.47473703236049725,0.07741556439569511,-0.1317447281858736,0.07297007544201234
74.547000,0.21151055498157262,0.1720778481634351,0.10693851826666656,0.1589952145115468,-0.008881820168466448,0.12760016389056167,-0.1281747835745097,0.14060742646258365,-0.23890645399915508,0.09436353860665991,-0.35825301695874434,0.10686945350939064,-0.47429876686262507,0.07631812083879064,-0.13098171504038597,0.07095717292423664
74.597000,0.21157393362892596,0.17358761087610053,0.10726818958490314,0.15836523402540847,-0.008942975999360114,0.128449268562792,-0.12835618264082937,0.14030195087532465,-0.23903133522997783,0.09392296222188573,-0.35829328389119053,0.10721158892430185,-0.47385578078320345,0.07488034540812252,-0.12740499205655362,0.0625293684792266
74.647000,0.21163788995338154,0.17436167373644268,0.10757769398310633,0.1576025516295241,-0.00905890023129513,0.12939076547359254,-0.1285930353079176,0.13995440723066857,-0.2392869055294427,0.09362011065222492,-0.358460753076254,0.10767692496811099,-0.4735181207156074,0.07359170633447665,-0.12441535356064387,0.055681955206072636
74.697000,0.21166080069549523,0.17624353763833972,0.10789973150439153,0.15712879074892863,-0.009093358785423111,0.1304339068955867,-0.12874738539337408,0.13953961442296275,-0.239444367271155,0.09321275177334648,-0.3585608598046358,0.1077475788471495,-0.47309121715844815,0.071931419863035,-0.12229377546990644,0.0511832267981677
74.747000,0.21159488982540314,0.17747358041747716,0.1082882663110875,0.15673257068393137,-0.009083942431796638,0.13175729060974314,-0.12884903830397376,0.13926207646446423,-0.2396258131214994,0.09312634019727714,-0.3586888962131379,0.108092376569734,-0.47267813684415244,0.07058966973021549,-0.11930964844911757,0.045383107316771115
74.797000,0.21164687242564295,0.17818797084311455,0.10865673983615878,0.1555697682239947,-0.009102504258535482,0.132488164504882,-0.12895026066239798,0.13853095235159982,-0.23991991717709057,0.09286110088467392,-0.3589206731837854,0.10831490526531234,-0.47244676368358773,0.06943268856113488,-0.11737590116702024,0.04148071813304938
74.847000,0.2116076930878766,0.17907157760122255,0.1090331270412757,0.15487687052749258,-0.009076168767568532,0.13365908922174125,-0.12899679863413416,0.13802286423752436,-0.24017149901311963,0.0928544461158208,-0.3591372421041381,0.10857551385190517,-0.47217471048712645,0.06829486413584662,-0.11440665566540578,0.036689905547067775
74.897000,0.21167381098154586,0.18017863158952452,0.10946693444344449,0.15429441319052817,-0.008946165518268101,0.13484350685027074,-0.1289187334731415,0.1374092305909083,-0.24030424954098326,0.09276321385592262,-0.35926164519385184,0.10854732040291593,-0.4718100558652133,0.06691974234040285,-0.11235330271195634,0.033816681602732546
74.947000,0.21168479936312126,0.18059049262551202,0.10994327164287476,0.1532100158916875,-0.008782817078061556,0.13577109800888643,-0.12877982576903074,0.13661839055004465,-0.24049394225962167,0.09280108605657217,-0.3594347697383967,0.10870956040218374,-0.4715762933888282,0.06599798503953319,-0.11025079069989502,0.03021175971056536
74.997000,0.21123694274352758,0.18210603402706702,0.11003485182259247,0.15273699935560717,-0.008936307013365064,0.13705696858409216,-0.12893108265065054,0.13593722806207129,-0.24092000678813294,0.09282712634192167,-0.3598897383855002,0.10851798232326051,-0.47157993686458255,0.06463974667652869,-0.10828105906168686,0.026335512339770273
75.047000,0.21102928957503436,0.18321546784884374,0.11030028002404434,0.15230410491540963,-0.008893012273813117,0.13841313406649863,-0.12885039275083487,0.135215186560649,-0.24115330440379368,0.09292977498615301,-0.3601701883239347,0.10825887599899778,-0.4714289561073342,0.06329793085170488,-0.10402640807959387,0.019331885324276793
75.097000,0.21068127038424447,0.1845932056007187,0.11044323098882941,0.1520970775773495,-0.00892317674199436,0.13978201755414343,-0.12879930737815398,0.1343310270619263,-0.24137969168949097,0.0927899984595186,-0.3604774467019325,0.107477568687222,-0.4712811926637426,0.061406646574850815,-0.10437789912809603,0.021831239805071456
75.147000,0.210418984987045,0.18513231727495116,0.11067377365750837,0.15123399008487215,-0.0088705593082673,0.14078638485440267,-0.12863460623602632,0.13326487817204136,-0.24162245838592092,0.09284526330680043,-0.3607822095117773,0.10702107760302837,-0.4712674819179399,0.06019155079938482,-0.10240748656422458,0.01838918107141141
75.197000,0.21015566532066282,0.18608007510286695,0.11093228094575915,0.15066192973470754,-0.00874605054640712,0.1418814416390771,-0.12835163811080869,0.13216015451644358,-0.24171162667021284,0.09279630061767799,-0.36095893975842713,0.10621562702358747,-0.4711182492958563,0.058624382847887374,-0.10187625844712464,0.018144703368535603
75.247000,0.2099684639349807,0.18657932174685138,0.11117990636970065,0.1500032501867597,-0.008613601561748702,0.14296652811771893,-0.1280200090246151,0.13104554423168238,-0.2418038196311695,0.09292410087166186,-0.36114112982833924,0.10551800395622934,-0.47104509223221414,0.057340010557507815,-0.10027439999234067,0.016125794099289853
75.297000,0.20953808564271553,0.18777797992992595,0.11141556405666685,0.14974429926075877,-0.00845427229656548,0.14415660451053047,-0.12759786333933662,0.12984560477506135,-0.24174002631648991,0.092810936815755,-0.3611922484104614,0.10426373720184914,-0.47080225109333373,0.055420648522472,-0.09754276834802914,0.011501594576687951
75.347000,0.20922029137108167,0.18836619947833438,0.11143209066958598,0.14919640850988225,-0.008502843205066724,0.14524525216237472,-0.12735535415042065,0.12868987110410496,-0.24193893333041105,0.09304434708912396,-0.36148991017065496,0.10341565060134406,-0.47093602140818475,0.05420641635632345,-0.09904446021779426,0.014352684757844292
75.397000,0.20867914101061752,0.18942975262025252,0.11145489612796448,0.14897306081345818,-0.008517681613804812,0.1464077947463377,-0.12701754737797732,0.127492673444239,-0.2419893853009208,0.09312006102358594,-0.3616483046889713,0.10216124517633693,-0.47091538691139717,0.05255575412345359,-0.09921710385276833,0.014713243221275207
75.447000,0.20832291061716063,0.19002957781532553,0.11144245960480344,0.14872314757532157,-0.00855196462440233,0.14756636155302422,-0.12665415324387402,0.12630905590788827,-0.24204276254783252,0.0933626017299583,-0.3618001763202666,0.10098899317926019,-0.47096375181633765,0.05115613469298058,-0.09877462572874857,0.014159735258470613
75.497000,0.20780420735262706,0.19074361493014594,0.11140037607622937,0.14845037111440335,-0.00859951021907679,0.1486155652836989,-0.12627105964134325,0.12509097269289934,-0.2420672930693514,0.09360713042601224,-0.361909604539587,0.09975695818546843,-0.4710259521796122,0.049820772130652696,-0.09943010653889806,0.015128195535089817
75.547000,0.2074736635038041,0.19108843149625243,0.11132677074785247,0.14814398531023545,-0.008663889486312998,0.14964113479142122,-0.1258680941967817,0.12388896210276129,-0.24209008661813608,0.094015085929579,-0.36200196285644043,0.09861312214187065,-0.4711516395297794,0.048749828206296086,-0.09745909745144482,0.011741996812353023
75.597000,0.20709598480905234,0.19135661362062795,0.11122614924149124,0.14780070991692124,-0.00874254687708878,0.15054150389089216,-0.1254581537175646,0.12265840650449197,-0.2420891086937322,0.09442331590171282,-0.3620514590486811,0.09742905995543266,-0.4712909099389826,0.04776274975238495,-0.1003269545988045,0.016121152856995197
75.647000,0.20688886839525383,0.19137379406588872,0.1112056800890916,0.14738684066690413,-0.008725165844835375,0.15146019170401143,-0.12494946519589684,0.12159529189992901,-0.24201664922031435,0.0952272350016384,-0.3620079993343124,0.09666803120352549,-0.4714565682066778,0.047464263370367854,-0.09980001597470012,0.01516228270170511
75.697000,0.20667826336934145,0.19145379840176982,0.11117418504627291,0.1471852528447284,-0.008713034996653657,0.15238664404030844,-0.12441090756912493,0.12054324154943269,-0.24186369285299025,0.09594968082607244,-0.36186341457780097,0.09569125103171658,-0.4715265887214403,0.046967660885519236,-0.10090714439908743,0.016502616804600717
75.747000,0.2066436858437466,0.19133875312412232,0.11121100577997074,0.14677136614213565,-0.00861960219331942,0.15314516919581161,-0.12379467161339758,0.11945981075686188,-0.24164096371883337,0.09682683843364795,-0.3616251163033828,0.09487668040179545,-0.4716057447030312,0.04687395823993984,-0.10014972069049669,0.014933733774151248
75.797000,0.20642565094257698,0.19125085482808538,0.11110479939942386,0.14655507280676522,-0.008670933245106954,0.15388813965882148,-0.12329483845468278,0.11837250430618743,-0.24148104001554546,0.09758737114306543,-0.36142200782898615,0.09382383026152519,-0.4717169926933663,0.04654787110930392,-0.1069344241014823,0.025481562703818184
75.847000,0.2063267987601383,0.19100876344848386,0.11101429569152603,0.14624293264439753,-0.008706099946825224,0.15442992566656874,-0.12275404966448111,0.1171061375926824,-0.24125614620574154,0.09820499701176896,-0.3611209812097921,0.09251102417591073,-0.47177326272005293,0.046077495585574585,-0.10892167531546607,0.028349731740830608
75.897000,0.20631316289167018,0.19045585124760947,0.1109738455130033,0.14579528022469768,-0.008688264431142262,0.15479413813635956,-0.12219307060156259,0.11584983205427363,-0.24098643842436573,0.09887526987093168,-0.36074839317907315,0.09132052346015446,-0.47181468100428103,0.04588617842550205,-0.10851071927941877,0.02716680528451626
75.947000,0.20628946848620694,0.19020764039946395,0.11085922291025055,0.14566268586736703,-0.008751593396721047,0.1553194256060097,-0.12171412522755232,0.11482910080651709,-0.24075729328338097,0.09970547229905452,-0.360384089622096,0.09024874994215018,-0.4718713600526365,0.04585743849556717,-0.11338723180748977,0.03570447091015677
75.997000,0.2058785280234382,0.1904066380690727,0.1104916900360607,0.1459417853201299,-0.009079437819586728,0.15607812498065504,-0.12146257979676653,0.11400640765361672,-0.24072347019983317,0.10070828672991364,-0.36016670042887466,0.08916208595961697,-0.4720912868806255,0.0458852220824299,-0.11575095287549741,0.039727709603776945
76.047000,0.20582675864859823,0.1902278804989572,0.11017558628431508,0.14617813723539136,-0.009359767855023182,0.1567279765906769,-0.121185636140302,0.11319666392687128,-0.2406409754962924,0.10177642315980265,-0.3598626428620235,0.08813112981800086,-0.4722722237321978,0.046130104490290536,-0.11578605325597993,0.03934960170928478
76.097000,0.2055763924373627,0.19080040245963015,0.1098367755057739,0.14651191879723927,-0.009680506177127735,0.15726456344417,-0.12094650050117625,0.11232150504029056,-0.2405534762625213,0.10261731276249791,-0.3595089999072335,0.0868191041884798,-0.4723773497114617,0.046066980234882565,-0.12063018969185951,0.04854306030559294
76.147000,0.20556145742298274,0.19085319170322715,0.10950180994981354,0.14764010574241643,-0.010018198142099533,0.15836240333709983,-0.12069482164072803,0.11198692478493116,-0.24042070140551702,0.10388052518046656,-0.3590459712553764,0.08576850284589443,-0.47236069925248025,0.046274548638418206,-0.12330397746244592,0.05385835542084483
76.197000,0.20562079880281806,0.19051189169110627,0.1093094613123943,0.14792007297082313,-0.010201662048802462,0.15874095061152713,-0.12044404292089575,0.11134245422798492,-0.2402699679009506,0.10488120801120276,-0.35859007629766926,0.0848724112218126,-0.47239013006456776,0.046799484324739044,-0.12594790573957287,0.05945034431757823
76.247000,0.2056614376623807,0.19030079573074035,0.10903979845567427,0.14832331173944008,-0.010481425097781272,0.15903205202643134,-0.12026039697453128,0.11056992936464663,-0.24016424221315902,0.10576702436810181,-0.3581018572554938,0.0836148470911138,-0.4724143471293376,0.04710930424264334,-0.128610759360294,0.06544987049698336
76.297000,0.20564283793398785,0.18968440741362486,0.10866771209461365,0.1486706768887936,-0.010875762227691127,0.15912810153964807,-0.12021960396825143,0.10969203912586126,-0.24017653911094122,0.10647743118293918,-0.3576889259936041,0.08217025263364491,-0.472508450223363,0.04729222437915226,-0.129421953847368,0.06786926838386478
76.347000,0.20576944987629214,0.18907505609236544,0.10836787950384284,0.1490245058746193,-0.011208257779614067,0.159101577938716,-0.12015770907738832,0.10880230378420683,-0.2401459357027323,0.10712139021533634,-0.35719307824415925,0.08066451197941865,-0.47251844487625494,0.047497362854744374,-0.1333434520524369,0.07847114756528811
76.397000,0.2062330827696032,0.18769688010568855,0.108278776313573,0.14900316391245247,-0.01132532893305746,0.1587426713090762,-0.119997934086812,0.1078480266035568,-0.23999788260371133,0.10773687199620247,-0.3565952754600267,0.07936350469420608,-0.47244011054859847,0.04805896549915031,-0.135625050227134,0.08531657153000169
76.447000,0.20656812005428105,0.18670758000271687,0.10822595960868886,0.14897682763570916,-0.011415860568921549,0.1582415382784764,-0.11985871005378312,0.10685916401768247,-0.23985060164380617,0.10825413796923011,-0.3559656077477617,0.07796708868357263,-0.4723180836362206,0.04860552619428976,-0.13766233769855438,0.0917172197805533
76.497000,0.2070559760862307,0.18544999805561702,0.10816639734973008,0.14911798735982235,-0.011518901241639068,0.15780299171649437,-0.11978676949604386,0.10605293181597855,-0.23975455994904685,0.10883308534940603,-0.3553771950479976,0.07671757116206168,-0.472201300000164,0.04929260988067305,-0.13941528365109146,0.0978700770260163
76.547000,0.20737635777903418,0.18464280756180537,0.10809876980665509,0.14938681824306557,-0.011641177848945722,0.15728269915022786,-0.1197558822546059,0.10521341175511575,-0.23968856017763615,0.10923246215788618,-0.35477194386223176,0.07523518580844832,-0.47203396790293295,0.04974758651728106,-0.14121941910517427,0.10518813069435334
76.597000,0.20779444055355203,0.1839694587152214,0.10800902073028011,0.1499834302277078,-0.011787187262075366,0.15697403468029014,-0.11979450077765394,0.10468235057424091,-0.23968554220022173,0.1097949024402686,-0.35421954315212,0.0739903967776345,-0.4718776674737588,0.05039875035260985,-0.14245245663446146,0.11133820304197337
76.647000,0.20805622908144292,0.18367181377948075,0.10789263912915764,0.15091513417427901,-0.01196496433215305,0.15675935289876658,-0.11987615834392318,0.10426959954843654,-0.2397253488213245,0.11028387771790132,-0.3536561427055875,0.07260398646512659,-0.47166993020731013,0.050861264476406765,-0.14368925430377436,0.11883800176856876
76.697000,0.20843378922230257,0.18322655845285762,0.1077994628784295,0.15197889759274477,-0.012110397192807348,0.15662920949331646,-0.11999504929909321,0.10408492529946548,-0.2398008061862733,0.1109099199583993,-0.35314250974819544,0.07149344846148695,-0.47148179641799054,0.05159839311849593,-0.1442014755455142,0.12301333979816947
76.747000,0.20876338420875096,0.1825920478249084,0.10769932489646139,0.15272160394647133,-0.012254330809315317,0.15605634269256816,-0.12017712400212616,0.10359044225211395,-0.23993952810335134,0.11113806197448309,-0.35268326782080184,0.0700424520585396,-0.471326011634849,0.05204524837956262,-0.144366299479114,0.12448068784678193
76.797000,0.20914887092177592,0.18204904887864573,0.1076017618879194,0.15369195577890454,-0.012383654233711933,0.15556276182560802,-0.12036155248035807,0.1032103646855013,-0.24009029307043972,0.11127440042175515,-0.35222248051465227,0.0685383203806676,-0.4711200250879077,0.05230952208264322,-0.1457635044701617,0.13892741035384287
76.847000,0.20942983328292725,0.18161098954800442,0.1075434912989791,0.15470381343236286,-0.012456081453928014,0.15502403071782273,-0.12056714938205229,0.10294719333844701,-0.24026499052390768,0.1114575885095363,-0.3517974407001141,0.0671799128965534,-0.47093038435499046,0.052780547073146555,-0.14596172089697554,0.14240067497295658
76.897000,0.209747635008886,0.18123197747949268,0.10745953358537942,0.15574589595033103,-0.012533813337614885,0.15448229432136792,-0.120834002366831,0.10279990835786476,-0.240507111643617,0.11165128683054071,-0.3514721078952626,0.06597011367374475,-0.47080720804430365,0.053355286198086466,-0.14630602087399355,0.15293753125746917
76.947000,0.21001630046341097,0.1811780260505371,0.10738085969892358,0.15714702753994708,-0.012579558133376745,0.1540651200953097,-0.12104938294576195,0.10273971600368761,-0.24071824199353903,0.11164837326506344,-0.3510755733136921,0.06451813431073916,-0.4705671180457638,0.05348315639772333,-0.14625548205511812,0.1603259847869875
76.997000,0.21032227043483234,0.18078144755512945,0.10729523515561935,0.1584444850089743,-0.012604598793686361,0.15354246308644953,-0.1213408528704166,0.10278394607343264,-0.24100687487955672,0.11173063129802913,-0.3508106826242704,0.06332480721908273,-0.47044439537077265,0.053955987950498746,-0.14603482269271284,0.1678430098538722
77.047000,0.21055441048982437,0.1805092492759311,0.10724414581847695,0.1596637467027295,-0.012560836508112239,0.15282516426932893,-0.12161040744348561,0.10274332046530174,-0.24128430700402942,0.11158400844336705,-0.35055100087205693,0.061977661962793335,-0.47030097730883436,0.05423536622024572,-0.14596971371974155,0.16973957592086591
77.097000,0.210943085937681,0.18027375861971862,0.10722878460675486,0.1610256013787002,-0.012445816039648422,0.15219440892672226,-0.12182418386574387,0.1028347832018513,-0.2415173777870979,0.11141029070316388,-0.35027353765389013,0.06069443824036211,-0.47011056985299393,0.05444258141931191,-0.14538271059487656,0.17811517699318866
77.147000,0.21114335840327136,0.18019838576115868,0.10726703095240976,0.16237539916451427,-0.012243773897992333,0.1515510043080293,-0.12198397161229935,0.1030011432822259,-0.24170288820313734,0.11120973696908415,-0.34999760362912496,0.059515882297524025,-0.469899793392306,0.05467182511431812,-0.14479470517197096,0.18508926552268656
77.197000,0.21134434406869393,0.18015139250594078,0.107222837255856,0.1638081128637447,-0.01206940929206507,0.15079427739721077,-0.1221943287287924,0.1031235094250634,-0.24195213516642153,0.11074373233829501,-0.34978327581523716,0.05808971913535518,-0.4697311556643634,0.054553319879112716,-0.14426382950218228,0.18966309771709636
77.247000,0.21147510422760576,0.17993376398630637,0.10714537443674209,0.16516346181119684,-0.01188400031688383,0.1499316547693228,-0.12244565196330759,0.10328274068533982,-0.24224523385274216,0.11021528560886265,-0.3496714612625614,0.056740004735417904,-0.4696501864744405,0.05448047015229657,-0.14346037990613122,0.1959210361886641
77.297000,0.21167563263585046,0.17952433846203417,0.10710921658008904,0.16637265760619174,-0.011632462491021733,0.14904021255728606,-0.12267955705465447,0.10355897698726668,-0.2425173901459544,0.10979546317595812,-0.349636969437257,0.055708535619899524,-0.4696327648923676,0.05470400931597838,-0.14280562072587002,0.1997792122871303
77.347000,0.21179722761635628,0.17925519039582055,0.10708300850394085,0.16755052828242756,-0.011316783951370868,0.14801878113735314,-0.12286629352744222,0.10378410115277575,-0.2427463822555319,0.1091473395910072,-0.34959334845276085,0.054523848175241335,-0.469593266747336,0.05466388136878195,-0.14198319229531353,0.2052307044705303
77.397000,0.21202847615389894,0.17877253755676642,0.1070755529163946,0.1686974439393359,-0.010953624136804757,0.14703841893485975,-0.12302161069540399,0.10413426542145712,-0.24293972914651182,0.10856651847674065,-0.3495894143672913,0.05355884044622716,-0.46958339365544277,0.05476089476890264,-0.14146218074213077,0.20843487020954862
77.447000,0.21237442016223376,0.17750817927295398,0.10728601803849107,0.16931018426952424,-0.010375369889536412,0.14573482021843634,-0.12307461559848426,0.10451734800423101,-0.2430198510808314,0.10814232864843551,-0.34965044735942985,0.05309765646102521,-0.4696255967679176,0.05553968921787267,-0.1409704125799199,0.21240770855436028
77.497000,0.213064066620225,0.1745958820523941,0.10769228726014109,0.16890761721370273,-0.009674361187365088,0.14390622060968256,-0.12309218984822395,0.10470933116876241,-0.24305066597503838,0.10786591241423923,-0.3498900292595694,0.05322755177854793,-0.4698263558578583,0.05713620396710983,-0.14015215527181,0.2155734608045933
77.547000,0.21317719722715678,0.17399802126039207,0.10792113253672585,0.16908639182056925,-0.009041455875087367,0.14225818070127716,-0.12311763100859302,0.10502074972691436,-0.24309713759102441,0.10723840554266442,-0.3500862562771103,0.052893870612915006,-0.46998011570038056,0.05793990558652293,-0.13941440740772942,0.21940068264306334
77.597000,0.21338159790755154,0.17326251306671858,0.10799986560052596,0.17003474980568187,-0.008488680092719608,0.14121776312410472,-0.12311912082734203,0.10572322756137376,-0.24311519223479025,0.10669422947316731,-0.3501979258132314,0.05253439047546049,-0.47005719849786165,0.058344274142186736,-0.1387434416329563,0.22319463969901399
77.647000,0.21343632763320736,0.17304011339123002,0.10809450867336036,0.1708183662981204,-0.007878959274338154,0.1399937862979947,-0.12305606266272334,0.1063153829055947,-0.2430553455525189,0.10590052638241809,-0.35028676807809356,0.05203567677581805,-0.47011333539715217,0.05848499957213685,-0.13763182963550316,0.22407332712000863
77.697000,0.21350966950586697,0.172962359928193,0.10813262555287638,0.17187556509039162,-0.007316815771171381,0.1391429132276834,-0.12297804347037306,0.10716666568183414,-0.24296379329318218,0.10531738488697254,-0.350359403907021,0.05178064216871675,-0.4701608886667076,0.0586802254441498,-0.13683466623798182,0.2245326044457315
77.747000,0.213597401111743,0.1727432009607868,0.10823287302361884,0.17284032856211914,-0.00663749406165301,0.13813011730239183,-0.12280565831225596,0.10804760386609605,-0.24275551620773642,0.10457894550095906,-0.3503999277761144,0.051544233678439993,-0.4701799033695636,0.05880766584462199,-0.1362535755648973,0.22659522120758502
77.797000,0.2133647667746104,0.17330085464852257,0.10807515795928734,0.17402723912180815,-0.0062084257537246,0.1374313036410948,-0.12281015724475727,0.109075771318592,-0.24270027116624546,0.10394151539965185,-0.35058604345681876,0.051399530880340744,-0.4703563004574941,0.058821494089770054,-0.13524115372976384,0.23134931212496943
77.847000,0.213293886117141,0.1732295518100846,0.10800011557163912,0.17516416235248616,-0.005658721451044957,0.1366717116015847,-0.12269109629656905,0.1101495842798903,-0.24248991693686767,0.10320389692828538,-0.3506845319440374,0.0513008596522497,-0.4704525549443898,0.05875878592334513,-0.13491711109436771,0.23290609942254173
77.897000,0.21308688768655865,0.1730826535489192,0.10784248512486688,0.17601153437293388,-0.0052033948783081485,0.13575449755385294,-0.12265991606940035,0.11117878536306722,-0.24234029903789722,0.10242630391400692,-0.3509278811563954,0.051350507228513836,-0.47069614371939383,0.05880458522998605,-0.13597517769530493,0.22719284906795426
77.947000,0.21295973323662945,0.17298173669970512,0.10772284270492695,0.17655459764211298,-0.004713202016221468,0.13462446709805026,-0.12257342076856398,0.11206412943111099,-0.24210404221758586,0.10146080278280847,-0.35114826946562144,0.051367325125086766,-0.4709225152480054,0.05872463762734503,-0.13605119492813222,0.22753038516857751
77.997000,0.21284399199193865,0.17304393059622922,0.1076206686239673,0.1773194129120096,-0.004223325391716132,0.13383469142710452,-0.12242489713294127,0.11313714476321199,-0.24177811328804458,0.10069488638970195,-0.35126684801860864,0.051580560912299955,-0.47105591511622713,0.05869248075733996,-0.1365958848588744,0.2261892932197096
78.047000,0.2127799902056301,0.1730639788133083,0.10756508216253129,0.17792768438557777,-0.003680069319795032,0.13293305946576894,-0.1222029347096365,0.1141625938407097,-0.24133834779705604,0.09978367355822867,-0.3513257789018523,0.05179653987671298,-0.47113650386099654,0.05853376369400626,-0.1369591521053757,0.22553566176365258
78.097000,0.21263497718997218,0.17317942882716972,0.10750871192698196,0.17847304419816193,-0.003152830876323426,0.13206159146942043,-0.12196791157192746,0.11523968315623873,-0.24084910301329934,0.0988915235815371,-0.3513747416566496,0.05215734762347049,-0.4712115345904956,0.05841378905055411,-0.1376075369791433,0.22339852822354508
78.147000,0.21247886678699093,0.17319290742092303,0.10732418384918359,0.17891048873228207,-0.0027381625666719756,0.13109542937401025,-0.1218036433867265,0.11614848061886127,-0.24037822428071126,0.09770752712356165,-0.3514442235405259,0.05227247668430335,-0.4713148622528201,0.057842932204715314,-0.13822783551120102,0.22164726330745727
78.197000,0.21225632725738455,0.1731893769929814,0.10718495944416108,0.17914351936571948,-0.0023221762351282316,0.13007023503179974,-0.12160133737766207,0.11693700553051498,-0.23984101674635752,0.09645827942784621,-0.35145651597984906,0.05239037352277301,-0.4713601969178328,0.05719737856980697,-0.13890255351792624,0.21870931501935162
78.247000,0.21204802556294883,0.1732060820510733,0.1069312960424951,0.17928026801933886,-0.002032095019414315,0.12901119792360913,-0.12149386887377117,0.11765846311782416,-0.23934933632079125,0.09507331771549382,-0.3515297413956161,0.052463967600193784,-0.4714668383385293,0.05634890993004149,-0.13956313978565738,0.21606971134751332
78.297000,0.2117477558656037,0.17321274499773395,0.10667942039135148,0.1793214791080356,-0.001796396516663995,0.12800874047386535,-0.12140935462329772,0.1183785663850617,-0.23885751753485285,0.0937629406830646,-0.35160632623305915,0.05268123992548582,-0.47157115267288247,0.05558647954779114,-0.1403378911986007,0.21242706845327516
78.347000,0.21155778000248987,0.17322544278764504,0.10643473203546171,0.17926793914084707,-0.0015938437858670496,0.127020194634358,-0.12133268474913889,0.11910754875752014,-0.23833396977508348,0.09244860462468418,-0.3516716648250862,0.05302060847026924,-0.47165799370884437,0.054831928706592536,-0.14040101284145992,0.21325694548837515
78.397000,0.21131156041191046,0.17327980340849564,0.10620643497408006,0.1791394790520661,-0.0014259717196337118,0.1260804079207421,-0.12126089107457907,0.11978818230545579,-0.23779262275819465,0.0911463333634302,-0.3517017977850867,0.053401137050616415,-0.47170008102586325,0.05404302431972771,-0.14200625237405703,0.20399356588677806
78.447000,0.2111864228329003,0.17333789725178278,0.10602078595728494,0.17892517881123932,-0.0012589790500079356,0.12515667483372545,-0.12116653100855512,0.1204472180382744,-0.23718966801211128,0.08981012157248608,-0.35167468853447886,0.05384930851169581,-0.47167290833383163,0.053195668713241384,-0.14294004126977758,0.19905730928348014
78.497000,0.21097105041974495,0.17367269913633937,0.10581546823246299,0.17877438805475968,-0.00114565200699826,0.12437476712667377,-0.1211007591424359,0.12109265315460935,-0.23658625185719845,0.08848742393553283,-0.35160693436480717,0.054278615194451735,-0.471589248294476,0.05221843459984779,-0.14369007576339202,0.1938499162740672
78.547000,0.21086451655607552,0.17397032857023825,0.10563593960725298,0.17854931630966606,-0.0010406851829539154,0.12359390118654517,-0.12102488426550156,0.1216466085495787,-0.23592699703749997,0.08704163102241544,-0.35146893928401374,0.05463700829116758,-0.4714141935643967,0.051012652169802886,-0.14444105236877527,0.18833682405065846
78.597000,0.21074610869937074,0.17438045120203752,0.10554144485270554,0.17809979596585035,-0.0009476235091608054,0.12278182162962092,-0.1209456745803085,0.12209791372423182,-0.235294473091646,0.08570626259946798,-0.3513314109747514,0.05512147808862705,-0.47122257041301807,0.05001169500499966,-0.14453469342822708,0.18808380694689372
78.647000,0.21058104864336233,0.17491212824610908,0.1053258262695009,0.17796371066136257,-0.0009530035644828294,0.12224288674258202,-0.1209523685262145,0.12263321642743163,-0.23464617552282213,0.0842441785800078,-0.3511458166856017,0.055472080886995095,-0.4709448744778933,0.048530486869370726,-0.14551974197312997,0.17601992453219972
78.697000,0.21042827143496945,0.17545320451498536,0.10515330750335768,0.17753331336520312,-0.0010403316671310503,0.12165030174512534,-0.12103122129793992,0.1231289490009426,-0.23411653965580942,0.08298283126711867,-0.351073872972935,0.05613171986917104,-0.4707612375188216,0.047475232995156796,-0.14574227929114164,0.1698152817838422
78.747000,0.2103516933864647,0.1756857566297372,0.10503824081447198,0.17706357509354598,-0.0011363948192326945,0.12114446612394814,-0.12111066600647113,0.123629270560524,-0.23357451693026954,0.0817737782646854,-0.35096878242898927,0.05690238047555765,-0.4705120236772032,0.046442290998949726,-0.1458240292232429,0.1684540603164108
78.797000,0.21029464759937924,0.17645895346155965,0.10497708288413504,0.1765282749903152,-0.001200672371253514,0.12061508977858972,-0.12115564971239653,0.12390194313951383,-0.23298287075463311,0.0803741057134702,-0.3507569659149984,0.057368399700966494,-0.4701194560907759,0.04501542686757626,-0.14574337050568395,0.1562008258865543
78.847000,0.21006604522334835,0.17726357289168457,0.10481408605150447,0.17618550582645026,-0.0014059665780159492,0.12035271602015304,-0.12134147852799032,0.12428628575719441,-0.23250392342911785,0.07908771450815569,-0.35062412124763,0.05793070935216027,-0.46975862820378855,0.04354428339510652,-0.14576955832196073,0.15527220977328118
78.897000,0.2099933336395857,0.178231271147697,0.10466910410455635,0.17577656691907667,-0.0016372329710023503,0.12010823932131648,-0.12155542399168223,0.1245385285074175,-0.23206369532047633,0.07776330036365778,-0.35048781715974375,0.058379612205973624,-0.46935648622223547,0.0419406488778129,-0.14507045489319215,0.1420723738692558
78.947000,0.20993551469426272,0.17869950241446303,0.10466444890431323,0.17519586277830362,-0.001771441679924407,0.11977563907329798,-0.12167509191011236,0.12458341001676965,-0.23159233595861015,0.07643572616003336,-0.3502718336195507,0.05868250574953293,-0.4688616156030053,0.040339561353550046,-0.1442807264476001,0.1339921410864175
78.997000,0.20993356798409554,0.17998338495294924,0.10474014712359792,0.17468846599267895,-0.0018758319189479677,0.11961548702119959,-0.12177033523072259,0.12464620025171264,-0.23104485426654411,0.07505709369103511,-0.3499652597347176,0.058996671427527375,-0.4682015867143704,0.038498598777666426,-0.1433546851485988,0.12719270431466478
79.047000,0.20990794260745535,0.18110935286072494,0.10477760129742501,0.17420558784282594,-0.0020177945466376968,0.11948133886988196,-0.12191418415308619,0.12446689382599938,-0.23049247185122185,0.0733713417700306,-0.3496132991277112,0.05887208286572096,-0.46741369373532904,0.036001424146235805,-0.14217100206191716,0.1189788649363909
79.097000,0.21004522604507006,0.18238721836593874,0.10498949452102035,0.1737002955256302,-0.0020478999806982645,0.11945090679390598,-0.1219503324268684,0.12428895311170843,-0.22986639155793445,0.07180920291046111,-0.34916436541879703,0.058847974869985636,-0.4664829087653295,0.03362181013980162,-0.14160015615006508,0.11621345010871031
79.147000,0.21010016278653615,0.1828435031279164,0.10525896565206244,0.1727274098150962,-0.0022063371961861256,0.11933069940204609,-0.12210820339838407,0.1241827587591556,-0.22952274129667638,0.07068400132227173,-0.349001307297133,0.05950937532682962,-0.4658531796213096,0.03220296702523723,-0.13894709117626372,0.10418698360550085
79.197000,0.21004756368827376,0.18356865554543367,0.10524825378170094,0.17176517874478936,-0.002594367819967469,0.11913468411567923,-0.12250355118851214,0.12380241839856462,-0.22944847231366816,0.06937095833890919,-0.3490560511513674,0.05967420194854553,-0.46542808836464744,0.030390265144763562,-0.13718377371925508,0.09771399024377087
79.247000,0.21015502257322527,0.18396451065257824,0.10558336823325283,0.17079561448915528,-0.002854347172679933,0.11940240603147834,-0.1227664983363062,0.12399326642712202,-0.2293761196317386,0.06890798123644887,-0.3491192686491637,0.06106079946939319,-0.46499425743979855,0.029868060366241594,-0.13441597576947023,0.08902521749663081
79.297000,0.21030570733029966,0.18452120405649775,0.10593907468170013,0.1696077108491994,-0.003072070709427971,0.11944228271248683,-0.12299398724518631,0.12377055414696145,-0.229295979146082,0.06809392963268793,-0.34913574052033225,0.06189460762186652,-0.46448604936697546,0.028814307608587997,-0.13212113223629027,0.08259206831734739
79.347000,0.21039331200995362,0.18492991366058087,0.10628373351408546,0.16844456778312097,-0.003333342483303081,0.11961735562007925,-0.12326914748727907,0.12354197987944496,-0.22931361223826807,0.06737640775568257,-0.34922452700100487,0.06275336551493962,-0.4640181289283655,0.02779011400528633,-0.13082024631233574,0.07887196113200243
79.397000,0.2106419627315807,0.1849845693020849,0.10676259682168071,0.16699413513442862,-0.0035223399941933797,0.11969474074397003,-0.12346948063476046,0.1232561236257064,-0.2293862715291385,0.06685015405979222,-0.3493481827453112,0.06382693478812557,-0.4636244623015525,0.02720819736568414,-0.12628618946888334,0.06710235002769388
79.447000,0.21088291373641932,0.18508504818392138,0.10729810394279567,0.16555561579275527,-0.003677650127646259,0.1199005831235226,-0.12363865576864588,0.12295952482811509,-0.22948521539664538,0.06642187530429788,-0.34947585739749476,0.0649232655117769,-0.46321293672899966,0.026662622744310055,-0.12385668604933511,0.06149752853066923
79.497000,0.2111929435206859,0.1851943337395588,0.10787397225342225,0.16407646911204285,-0.003767135961553175,0.12007348107239293,-0.12374280035417598,0.12249008058282837,-0.22955955957478794,0.06589667577557959,-0.3495594758998487,0.06575496593192795,-0.4627490646786043,0.025903780353164096,-0.1212706999391647,0.05601975195707959
79.547000,0.21133392488616115,0.18558088872336959,0.10845286546981366,0.16267505876607197,-0.003860539214940395,0.12041752538050503,-0.12384964742990467,0.12203428415694234,-0.229688441871154,0.06548209948581499,-0.3496833180208702,0.06659101651815844,-0.46230347397071453,0.025157932231113733,-0.11788024203671824,0.04902717782061475
79.597000,0.21128654406680492,0.1870941411767664,0.10885761715178317,0.16196158635746777,-0.004007857161859613,0.12120149916531268,-0.12400708415986758,0.12163221931079485,-0.22978465345434637,0.06496559920594577,-0.349769106936875,0.06689715879924438,-0.46172513850064734,0.02370170769097163,-0.11543359080032972,0.044254655297433776
79.647000,0.21125003569103357,0.18821332817093336,0.10928934870513521,0.16148679161931695,-0.004139321605926671,0.1223212870079318,-0.12413599837723535,0.1214282227089726,-0.22991437723409283,0.06476311381103514,-0.3498850643536462,0.06741532648391871,-0.4611618153146585,0.02249890748639688,-0.1134537507524151,0.04039283539663449
79.697000,0.2112441527269297,0.18982396454845896,0.10976944082529833,0.16098987534603487,-0.004193411041814699,0.12340705487824066,-0.12417096908801825,0.12108637280827625,-0.2299909827029559,0.06449905339363696,-0.34994796974285625,0.06771172522704419,-0.4605487359093756,0.021155624409011115,-0.10842568545598005,0.031635307482058034
79.747000,0.21124908760817343,0.19086277798031515,0.11030375159169696,0.16047905753896413,-0.004208380430213016,0.12460467085714523,-0.12414697867834495,0.12076635738985061,-0.2300916410673307,0.06441275492040904,-0.35003453106800037,0.0681145299388588,-0.4599717182773812,0.020012400375922196,-0.10593031079714521,0.02784593044605238
79.797000,0.21124458166163138,0.1923619948470885,0.11085484337024747,0.15995486925664898,-0.004166889835220733,0.1257495934879886,-0.12404271058050964,0.12029179167376153,-0.23014232247855498,0.06423046494058338,-0.3500750298925736,0.06824863521365673,-0.45935685377186314,0.01867562875231782,-0.10231002536248146,0.022777577517652386
79.847000,0.21123167209833954,0.193318622434281,0.11141505136147321,0.15941776863347284,-0.004121866190566398,0.1269952350715624,-0.12390817128536435,0.1198369453501297,-0.23024481578750433,0.06422653233219303,-0.35016938190766206,0.06848075857111838,-0.45882181550433637,0.017543064536933217,-0.09875553835336656,0.01814808577731744
79.897000,0.21117522863119323,0.194597096221482,0.11198151598216304,0.15887206925124148,-0.004026744007178479,0.12817868862535803,-0.12369306276348277,0.1192359734160616,-0.2302916169593582,0.06412927470030641,-0.35021377540983767,0.0684508383731113,-0.4582549037401874,0.016229055666036635,-0.09750642704926199,0.016442614356047103
79.947000,0.2109731411762593,0.1953059934681538,0.11242820021915453,0.15805307434586147,-0.004038931535102874,0.12914966242050516,-0.1235486165360446,0.1183129105665949,-0.23046956779837918,0.0638343810257686,-0.3503938829289493,0.06809567658448162,-0.4578453715360498,0.014671172881461136,-0.09498075925454644,0.01306712634651569
79.997000,0.2106867076702351,0.19655447670735748,0.11276433613183597,0.1573465132259235,-0.004111172027464416,0.1301414476598484,-0.12342446919663,0.11732204377239583,-0.23067544610868831,0.06349613973563445,-0.3506082828833976,0.06751044578646989,-0.4574855875265179,0.01294633903300449,-0.09251933138414228,0.011227548802736298
80.047000,0.210665038681912,0.19705880918552013,0.11330770552005678,0.15678849618473278,-0.003971992974159483,0.13138234887535805,-0.12305070526081671,0.11654118045269982,-0.23071315030932596,0.06354308684387255,-0.3506563562325551,0.0672346113051113,-0.4570187309107475,0.011673426537257892,-0.08959927303854004,0.007987183237248202
80.097000,0.21045111479544515,0.19807148855225978,0.1137986878740558,0.15602102538165688,-0.0038504416650512185,0.13238456374522722,-0.12266095720697373,0.11553044268649104,-0.23076889337429718,0.06344710429846306,-0.3507243838632388,0.06671517736331942,-0.45663144303377445,0.010290937733099137,-0.08693884108074587,0.004817408955679586
80.147000,0.21024052120500714,0.1987553504501744,0.1141919651090731,0.1554427904202711,-0.003794079210046153,0.13355002115901027,-0.12227996995486273,0.11454755567667446,-0.23085803617270678,0.06345153297046549,-0.35082870358550755,0.06610463691244872,-0.45629916214686483,0.00886843883066743,-0.08587895198883588,0.0035837272149516763
80.197000,0.20983899726125285,0.19971944014281978,0.11451164119877649,0.15488349783715033,-0.0037649613246093783,0.1346191129334588,-0.12187844380504659,0.11342465006356195,-0.23092084424540887,0.06332719597452008,-0.3509062183696507,0.06520069437739923,-0.455970330219489,0.007221970683232243,-0.083649019342183,0.0012916948300800979
80.247000,0.20952173520826567,0.2003086645968271,0.11475783143201035,0.15432054315629112,-0.0037901628366770745,0.1357094428430045,-0.12147953672231174,0.11227418576297085,-0.23103405969283555,0.06330678337422904,-0.3510301295050676,0.064277983465757,-0.45574849615091084,0.005677098770841854,-0.08308150759807267,0.0006991267731369655
80.297000,0.20896526243036323,0.2014408609041848,0.11494455141339424,0.15387415239463634,-0.003833761961608506,0.13679456598909173,-0.12105095796623808,0.11110159105797446,-0.23110646112469288,0.06327078273807116,-0.3511064358381307,0.06319288052977876,-0.45551605422842,0.0040436490252122315,-0.08194594505158254,-0.0007396269421417467
80.347000,0.20862382627681886,0.20202595695776884,0.1150823677876204,0.15359202918669396,-0.0039018675715469797,0.1380115370252038,-0.12058464956593695,0.10999139451932673,-0.23116466392051754,0.06338602545801852,-0.3511577460495544,0.0620975219950021,-0.4553072319365026,0.0024914435341241714,-0.08124235241637406,-0.0011895536533565176
80.397000,0.20810058961470834,0.2028769267974238,0.11519227619913487,0.15328171212389136,-0.003973595149032977,0.1391574384847999,-0.12009670908056252,0.1089014901300541,-0.23121742389862004,0.06360042239071778,-0.3511905029624059,0.06105871037819319,-0.4551638668226728,0.001145943728833615,-0.08139639714596,-0.0009078088241448734
80.447000,0.20776552997930361,0.20334990053716226,0.11526876319078051,0.15297380043449396,-0.00406292744510986,0.14032676086073903,-0.11958542489995927,0.10785288548692011,-0.23128699811794595,0.0640036147902859,-0.3512242041362665,0.060122041331116816,-0.45511162573258096,6.03760689082411e-05,-0.08102956300547731,-0.0015153742140667503
80.497000,0.20728684866233954,0.20389699402925276,0.11531574084022013,0.15265175258375102,-0.004154539401119539,0.14138888709331088,-0.11905113262485362,0.10676558763211277,-0.23132299504624537,0.06439780614155016,-0.3512063187420005,0.05910737140905392,-0.45507146818184163,-0.0009928010685647248,-0.0783812925213114,-0.004891659332670384
80.547000,0.20698339279080433,0.20414239915276225,0.11532727378106637,0.1522917147393382,-0.004264804458893351,0.14240562237443916,-0.11849942457021628,0.10565713168404874,-0.23136547455898748,0.06489863858221573,-0.3511731231306632,0.058106927183326634,-0.4551034831519347,-0.0018804070285624586,-0.07758385464862777,-0.00592876205668294
80.597000,0.2066458117474746,0.20429058849643603,0.11530757223732555,0.15189351809272333,-0.0043828554593886015,0.14327948780617278,-0.11793939989311691,0.10448630262796521,-0.23137839387270326,0.06535070955849256,-0.35108755389853824,0.057001038552458444,-0.4551419166689135,-0.0027709414084821637,-0.08322814157206626,0.0013009590729855525
80.647000,0.2063904506491337,0.20448274867477084,0.11532984712204132,0.15155075914704771,-0.004441441219828424,0.1441454577427112,-0.11728016600720506,0.10331137653172272,-0.23129206114720594,0.06587759811464575,-0.35087202236658643,0.055846004286106476,-0.4551180914807921,-0.0035909965984151915,-0.08436291408683089,0.0025276631450751874
80.697000,0.20631086047522998,0.20430832858302397,0.11543573929839603,0.15110323009936594,-0.00440309335645131,0.1448859808745503,-0.11658787897531761,0.10228816548867624,-0.2311613229431598,0.06661007785287745,-0.3506030389179575,0.05504822311431112,-0.45514162389567014,-0.0038727769693383818,-0.08286864902595947,0.00018080599260222874
80.747000,0.20621929575864437,0.2042272601538827,0.1154883879515325,0.1507791267001307,-0.0044041220800429826,0.14570113124388345,-0.11586670431861643,0.10124786634132658,-0.23101328355658537,0.06746524818087787,-0.35027184095312003,0.05414622090824134,-0.45517756741742976,-0.0041185931239420825,-0.08243415941926127,-0.0005375759996917029
80.797000,0.2060828999142256,0.20411998948549567,0.11543188036426792,0.15049734544576682,-0.004497824956105317,0.14639054842516638,-0.11523266795815157,0.10015425807535362,-0.23089917387873798,0.06819710851343369,-0.3499410821189918,0.053063566875105994,-0.4552335983860546,-0.004499320631952686,-0.09023364859669097,0.009376895004457458
80.847000,0.20610842568416787,0.2039276383111246,0.11544828605220679,0.1503138228728698,-0.004509196128331477,0.1471196924895281,-0.11454205977875348,0.09923682585763538,-0.23071033273664793,0.06915473221407159,-0.3495092814208769,0.05221927262414924,-0.4552598869311938,-0.0044976510776989775,-0.09239770718303497,0.012014322005262285
80.897000,0.20616606913122126,0.2034918405812248,0.11544811878024358,0.1500654514839799,-0.004528396593518502,0.14769147617462605,-0.11385610020943382,0.09821973452274395,-0.23050269325236572,0.07004931863165961,-0.3490194325382575,0.05124021155450392,-0.4552814866942799,-0.004512598657561595,-0.09184665614129031,0.01085224624356998
80.947000,0.20620419774234186,0.20316645575204773,0.1153936027772769,0.1498376502700417,-0.00459469459916903,0.14816179445834704,-0.11321158183661298,0.0971483471444438,-0.23030580294123995,0.07090061612058723,-0.34849438399070776,0.05012901749377563,-0.4553105114465076,-0.004554754462320593,-0.09755246766471154,0.018734886416348018
80.997000,0.20619714624935295,0.2028016866155721,0.11521526277530764,0.14977736645185302,-0.004779419627454373,0.14864767841532833,-0.11270636849680765,0.09619032709302083,-0.23019840214336118,0.07178495822473632,-0.3480234237516882,0.049041513388977914,-0.45540219760087447,-0.004528990870784871,-0.10030819501923474,0.022772279369055376
81.047000,0.2062395381697555,0.20249030890195224,0.1151066767123178,0.14973013462069817,-0.004891217551288574,0.14901923919916915,-0.11213276560272756,0.09517455170327146,-0.2299928520557703,0.07261352288627565,-0.34740374496207177,0.04782073710199991,-0.4553827230756137,-0.004529432769312058,-0.10317048076173424,0.027039710502537506
81.097000,0.20624224881404887,0.20193814265882368,0.1148644737263062,0.14971053556871902,-0.0051347896363799495,0.14929006867031952,-0.11172925220816032,0.09417545582550957,-0.22991501794233143,0.0733878446633866,-0.34688013416017477,0.046570656366579394,-0.4554676848756602,-0.0045052071073928834,-0.10601098248837143,0.03149644485023542
81.147000,0.20627655241408938,0.20150436888106923,0.11459704062638451,0.1497112604237733,-0.0054026724985681285,0.14944886772399146,-0.11136731568211916,0.0931328451817115,-0.22984951832302003,0.07410739755595303,-0.3463170753211152,0.045205699216661344,-0.4555430727760731,-0.004490190753933698,-0.10911577388049643,0.03643001640633861
81.197000,0.2064046178726959,0.2007169081439145,0.11433472287930192,0.1497134932616949,-0.005665127297325573,0.14952386840405052,-0.11106587866902995,0.09215940544761814,-0.2298111898568298,0.07485186169026961,-0.345762631743866,0.04394453045126914,-0.45564066921764823,-0.004292559851837019,-0.11194660207406562,0.04142053430189116
81.247000,0.20654909870710356,0.20010185631080038,0.11408518946659792,0.1497142564550923,-0.005914576434159574,0.14947722531193852,-0.11079012726943546,0.09115811320452567,-0.22977184108509088,0.07555837674875973,-0.3451627043631944,0.04261981770416834,-0.45571894020961945,-0.004041930178540404,-0.11506246301448292,0.04702652832009499
81.297000,0.2068268129823785,0.19914607263266712,0.11385083155476146,0.14975437854916185,-0.006148583174556882,0.14937959245005406,-0.11056879747788528,0.09024906865019129,-0.22975427834212425,0.07629123389118248,-0.3445714212295701,0.041405367137383325,-0.45580270097078146,-0.0036235392132290822,-0.11818668482323946,0.05288998066873343
81.347000,0.20690432751877672,0.1989573030747462,0.11355740970706464,0.15011556832160822,-0.006440258689696332,0.1493675345906703,-0.11040022611440822,0.08943152572173234,-0.22975226127735746,0.07697794426498064,-0.3439227937473349,0.0400308264411082,-0.45580312814620516,-0.0033603105972326297,-0.11853308908072957,0.053469890674584825
81.397000,0.2071009731828987,0.1984411503192267,0.11324475011885214,0.15064654718010373,-0.0067494095705863955,0.14946263825448963,-0.1103313560059235,0.08887567288514046,-0.22981904608927176,0.07779903447426365,-0.3433580174651183,0.03895444696326969,-0.4558502132660277,-0.0028248048715550367,-0.1235277223174677,0.0641876587813083
81.447000,0.2073106433843826,0.1977309732074978,0.11295603354903466,0.15096853943169997,-0.00703040928554613,0.14916479071223476,-0.11026963139294704,0.0879956565027346,-0.22987694909296147,0.07829568027614256,-0.3427099293668482,0.03744572852753028,-0.4558469746950612,-0.002554383602812599,-0.12636893792704745,0.07089375928997815
81.497000,0.20739119598500527,0.19756633818807257,0.11251883817233006,0.15179645049852936,-0.007452282010454198,0.1491639000433131,-0.11035836228935689,0.08743595951851131,-0.23005308589278808,0.07888182944149946,-0.3421373622504402,0.03602024998671344,-0.4558495337571409,-0.0023143564573871456,-0.12862595887257586,0.07681059098452478
81.547000,0.207451721757956,0.1974942054437748,0.11210833041567411,0.15269582608596277,-0.007836077805181085,0.14904357543354244,-0.11044229048741058,0.08681845900277403,-0.2302052165075871,0.07927912548625712,-0.3414887754714163,0.034379576453695715,-0.4557530496396567,-0.0022766051331185866,-0.1311428765349768,0.08418157112052943
81.597000,0.2077148553622597,0.19702141239432489,0.11172839173395648,0.15361697617770959,-0.008179844839486833,0.14892498285440936,-0.1105891011861786,0.08637624815440922,-0.2304087785722405,0.07980016188013955,-0.34091920581484203,0.033030027499087816,-0.4557231493049141,-0.0018992518951012616,-0.13307804094752765,0.09031812524734012
81.647000,0.20793219645010358,0.196948375463951,0.11146875094182213,0.15448430318052764,-0.00838699636318474,0.14860214051267767,-0.11065913729820623,0.08582946183377943,-0.23052294907675194,0.08011398935918398,-0.3402327256617119,0.03149542375222533,-0.4555595423193741,-0.0016666835325367946,-0.13522742538993077,0.0977710883054467
81.697000,0.2083074460576824,0.19650309858395928,0.1112245622448427,0.15535549260541295,-0.00856939108820956,0.1483263571793095,-0.11080379782236024,0.08549224160733045,-0.23070251850918436,0.08056306544260117,-0.3396800801815961,0.030324722994489323,-0.45549274701727993,-0.0010986154724255681,-0.13565508025937903,0.09921568295062619
81.747000,0.20860858570615162,0.19621802714137496,0.11103116142163073,0.15644680175810263,-0.008680629594222278,0.1481349372559581,-0.11094999863805802,0.08535774271146693,-0.2308756428714304,0.08113401747912113,-0.3391075882412177,0.02930886913129921,-0.4553951382942295,-0.0003087894977062966,-0.13861052804891666,0.11174124136176505
81.797000,0.20914057535778316,0.19610980941801617,0.11088698781633484,0.157597546692921,-0.00871190281686135,0.14779421272965113,-0.11105441013381737,0.08513632259585917,-0.2309977433331525,0.08144893624645971,-0.3384463332472416,0.0280186028653851,-0.45517441287346994,0.0001877669922793479,-0.13978740218522612,0.11781144913593536
81.847000,0.20936451725911473,0.19665486918434902,0.11073086662111073,0.15937073477217617,-0.008699480703256462,0.14769203031873399,-0.1110422347944236,0.08503454325659117,-0.23098993632448128,0.08149210096909595,-0.3375383110864121,0.02628844316027565,-0.4546188687609354,-2.0167871135928772e-05,-0.14097943400654106,0.12561493920238614
81.897000,0.20980169890392045,0.19718411973931263,0.1105816900865493,0.16121899054634395,-0.00864699054285123,0.14763511351129488,-0.11105298715771553,0.08508104204275913,-0.2310014979607067,0.08156610874784231,-0.3366874941950434,0.024728883270827784,-0.45408644030298895,-0.00012041154178613067,-0.14173089783911533,0.13145750616824467
81.947000,0.2103168706248532,0.19677821722214495,0.11061340611382593,0.16249751103015994,-0.008397470314965128,0.1471218389595523,-0.11105539843693218,0.08498207879183384,-0.231007647742061,0.08159712877684472,-0.33595301653845444,0.023403747983286066,-0.45369438130667195,0.0002311127750402875,-0.14245609506470006,0.13915160550391933
81.997000,0.2110429063314222,0.19569748014862232,0.11074381385404057,0.16317498640437705,-0.008049737953473524,0.14620171185446515,-0.11112648836552183,0.08475918973426332,-0.23108508939869757,0.08160735881380374,-0.33544939695754517,0.022378216427970776,-0.45353462117192045,0.0010268740291206335,-0.1427478381664888,0.14488026154611464
82.047000,0.21139124505935902,0.19532137416727302,0.11064373567587853,0.16428920151100415,-0.007869909242924494,0.1454606071087255,-0.11135163955815097,0.08470263239816488,-0.2313088679583178,0.08149898554650364,-0.335047472418178,0.021180647168531908,-0.4534195387715283,0.001481563271818892,-0.14301134471348467,0.14889452820793322
82.097000,0.21212312087920907,0.1946453576646482,0.11079286813621764,0.1653155508357605,-0.007422463277218017,0.14469673858067672,-0.11139088872156255,0.08477540256006522,-0.23134571638701773,0.08148309034215251,-0.3345569451983011,0.020266734299603073,-0.45319098720354883,0.0022122590234592288,-0.14313225644890445,0.15757813837694432
82.147000,0.21224896863760181,0.19447521370307466,0.11063478711601306,0.1665829737389915,-0.007206634914274007,0.14392465843019348,-0.11164216175473962,0.08482118367564555,-0.2315858449200553,0.08114519932583028,-0.33423001911224,0.018982722723183854,-0.45307609401836074,0.00238120241168599,-0.143091963410367,0.16166132480117218
82.197000,0.21264219278017593,0.19412629367179535,0.11059417165225546,0.1677483753753358,-0.006851555374119522,0.14312113025000153,-0.11181967682050017,0.08496880031426944,-0.23174955519853138,0.08086706086004353,-0.3339254375786056,0.017937822383500446,-0.4529616621855357,0.0027596397249120552,-0.14267673906184752,0.17098911474229542
82.247000,0.21271722017411468,0.19392981721739905,0.11036651396105486,0.16911238452404792,-0.006610168789783877,0.14234569454323165,-0.11211769875172406,0.08517786164137377,-0.23202318415113676,0.08041607955572486,-0.33373220502161377,0.016735037876469183,-0.4529243569245938,0.002834285248129398,-0.14260983721274412,0.17305009365854268
82.297000,0.21293655928334082,0.19384094506750174,0.11015757363158492,0.1704711701118483,-0.006322930914278241,0.14162169766015564,-0.11240849427184488,0.08553379123544427,-0.23228294631220733,0.08004600953216331,-0.3336121012625185,0.01576224519734007,-0.45293883224210973,0.0030684958015066155,-0.1418312927042263,0.17918585518458446
82.347000,0.2131211940890667,0.19359094475318045,0.11004193644828147,0.1717239947884452,-0.005882364544845586,0.14071502126053098,-0.11258240341934383,0.08580507949967534,-0.23241319299416124,0.07943468941147916,-0.3334140032772013,0.014636261018736996,-0.4528548403049395,0.0030653297635067633,-0.14155617497834058,0.1847392966387653
82.397000,0.2133956087015168,0.19302705060128825,0.10992385921415826,0.17287108029296108,-0.005425607193636439,0.1397878428540854,-0.11277163472549437,0.08615175077860314,-0.23254958155793462,0.07885493965283716,-0.333318862227581,0.013697038571525405,-0.4528574241019079,0.0031836078746664276,-0.1412396847594754,0.1880048419097029
82.447000,0.21405928208768807,0.19124018341496235,0.11020586676354599,0.17304666918870967,-0.004624195072980536,0.1382033499428502,-0.11281171228130163,0.08628551949069907,-0.2325455008858642,0.07829678605441476,-0.3333544234259903,0.013200233645143722,-0.45300386569851214,0.004034484386173959,-0.14099999399507543,0.19283024162599285
82.497000,0.21520158832284011,0.18783312084115,0.11080142456018234,0.1723598186131602,-0.0036181574467924194,0.13619133436178152,-0.11280236394363932,0.08640369481547641,-0.2325108232717247,0.07804398405284058,-0.3336475293361454,0.013457865680341102,-0.45341078173661153,0.005923718537810346,-0.140729254159971,0.19538220304578177
82.547000,0.2158675941870737,0.1857793055497197,0.1113986528564835,0.1715539277996288,-0.002570419749377717,0.13398997580650202,-0.11273353246186196,0.08640753579449281,-0.23240263881239998,0.0775022011572781,-0.33391455563740535,0.013507429945486621,-0.453762605663831,0.007470468411525766,-0.14032854790284335,0.1992739329865828
82.597000,0.216391851948153,0.18428027982964404,0.11173290735406421,0.17159500899448138,-0.0016839313814108192,0.13239525528032908,-0.11266742963172693,0.08675905127384188,-0.23226342385905646,0.0769204454420204,-0.3340437342167766,0.01335340662897877,-0.45394031554897696,0.00837246447209794,-0.1396582439529976,0.204715153458497
82.647000,0.21657308085211335,0.18380882076406924,0.11184340643118844,0.17221644494143495,-0.0009070902671630965,0.13113937719950675,-0.11261991490252155,0.08731877916627989,-0.23210141150853114,0.07617553149013745,-0.3340925351729421,0.012947288642001759,-0.45401633787571166,0.008671596267237125,-0.1387589189503173,0.20366781682389687
82.697000,0.21675639212352676,0.18345634622774018,0.11187340556562601,0.1731533929794013,-0.00019047533236465908,0.13023851679315382,-0.11258857839141395,0.08820678558056479,-0.23193099764582298,0.07566138935325689,-0.33417000806167396,0.012834764828420053,-0.45411179527769063,0.009097428956425846,-0.1378569331607358,0.20431937339626244
82.747000,0.21685638723235187,0.18325125542358314,0.11189478707723512,0.17405347989213799,0.0005624750734799788,0.12927495486173451,-0.11250508661671113,0.08907885438625518,-0.2316734692671321,0.07497578463243607,-0.3342126981225465,0.01264034891778218,-0.4541658610135024,0.009287930022045143,-0.1369093833069158,0.2074689348345086
82.797000,0.2167778297985678,0.18313257631298413,0.11179560370999782,0.17488253762828987,0.0012083369834784974,0.12829438038131102,-0.11248092693643152,0.08989189019514889,-0.2314440822227518,0.07415125238074591,-0.33431473636386283,0.01236429263876343,-0.4542738700912445,0.009232807150931138,-0.1364227263979441,0.20618480543396608
82.847000,0.21671310412880632,0.18317618635038554,0.11162672371682056,0.17587208117558684,0.0018218175335114883,0.1274687488721748,-0.11246863094821635,0.09089425795506959,-0.23118282540308005,0.07337455376428023,-0.3344362020738006,0.012229315142666897,-0.454396944973882,0.009160086760708619,-0.13613787698646712,0.20735060595748117
82.897000,0.2166099515046644,0.18339603146983827,0.11149906743613405,0.17686467618795806,0.002459412559218249,0.12676124652168586,-0.11239807926073242,0.09200845421905253,-0.23083471143567008,0.0727013529591928,-0.3345218681681647,0.012294618825231501,-0.4544814975329973,0.009182172415728385,-0.13598622623781473,0.20816697128060435
82.947000,0.21653441263186732,0.18352488982771903,0.1113650777085718,0.17776924864635332,0.003111905121532338,0.12598845466981573,-0.11229012971816549,0.09308905718510209,-0.23040097236741341,0.07187988820834545,-0.334575137142973,0.0123169518022673,-0.4545295732637186,0.00901040451636384,-0.13619909500569685,0.206979288606092
82.997000,0.21643174809602891,0.18368929566412004,0.11124213063349918,0.17856899829598585,0.0037392516593872382,0.12524797981098856,-0.11217349222071452,0.09419583324773237,-0.2299318785560385,0.07110985378615,-0.33464166232414516,0.012493634330812492,-0.4545881259661939,0.008909522199945258,-0.13642877730841532,0.20668749734419006
83.047000,0.21637261799423765,0.18377967647589255,0.11113896115998816,0.17926139406165725,0.0043819797336204225,0.12446224336814621,-0.1120206216392175,0.09530003505608246,-0.2293801962246435,0.07026545391063832,-0.33468512641499576,0.01272527944440105,-0.4546188487955601,0.008737518676546208,-0.13673711852729742,0.2059244596450055
83.097000,0.21623598062210173,0.18388973480044107,0.11105240566966919,0.17983807237988694,0.0049878326604794465,0.12371048244072941,-0.1118691787627207,0.09642607514941953,-0.22880797169746195,0.06949433352423479,-0.33474832734012205,0.013132635126238662,-0.45466548482268154,0.00867445822273119,-0.13711697795137334,0.2038302394159307
83.147000,0.21614234273295005,0.1839424576256014,0.1108806269130828,0.1802533520556286,0.005522364244773953,0.12281088964786428,-0.11172680502395049,0.09726422047586014,-0.22818822753271706,0.06833781269283376,-0.33473892456536564,0.013138637320204788,-0.4546288422223845,0.007999800476321706,-0.13753415461666793,0.20122781887392463
83.197000,0.21594664631544047,0.1840188948492945,0.11075526130731547,0.18057201621200358,0.006052939215946518,0.12194246950239533,-0.11157836024507975,0.09821743242474137,-0.2275276574509618,0.06730205639618372,-0.3347644287131797,0.013447856116587498,-0.454620007257312,0.007562256030140435,-0.13796325602081919,0.19814988617368803
83.247000,0.21570693297775015,0.1842689500756722,0.11045679054723748,0.18082696311932703,0.006431060329280369,0.12100516566262792,-0.11153225028053454,0.09899023096326866,-0.22689447818967595,0.06595152076095204,-0.33480353975362376,0.013457383645646692,-0.4546069795473202,0.006591831043020663,-0.13838400257310932,0.19541617415326512
83.297000,0.21537633587954075,0.184276940554794,0.11025556518654495,0.1808906931581959,0.006830948768356465,0.12003554800137858,-0.11143090840744715,0.09968528744193231,-0.22619230271424381,0.06461646406452132,-0.33478848968534314,0.013558965402817091,-0.4545289513055678,0.0056708874322900504,-0.1388256762268573,0.19159360923129642
83.347000,0.21510596994071265,0.18454899896608948,0.10986277512206494,0.18101675108055126,0.007006906616390252,0.1192051800492833,-0.11152344668638742,0.10048205675590519,-0.22563209723192684,0.0633442610424198,-0.3349335515503213,0.01381455194272127,-0.45459134516564076,0.004758480658899278,-0.13890191888770306,0.19240754433265989
83.397000,0.2146915465159248,0.18488526717865947,0.10955476329386461,0.18099986242663726,0.007207013614615315,0.11835053573579467,-0.11155504230560259,0.10115826793229951,-0.22499124438618917,0.06201458317459502,-0.3349843371654908,0.014040428259224691,-0.454541588729679,0.003741710039073559,-0.13965618280713216,0.18309369385795932
83.447000,0.21437729312955053,0.18517329098650842,0.10917381008067777,0.18099848625931508,0.007303564357327097,0.11757567462011896,-0.11166002785925355,0.10183833917459313,-0.22436767957759446,0.06064385842620085,-0.33505234694272523,0.014287581502171992,-0.45448009763477704,0.0025823534124355396,-0.1401040429599716,0.17814102056429285
83.497000,0.21407326497732745,0.18548887740997438,0.10895463033105542,0.18080046711266543,0.007478504757665261,0.11674895721353468,-0.11165984767016582,0.1023944118733747,-0.22363813989661144,0.0592567013540867,-0.33500485188384543,0.014563799687331458,-0.4542833512536658,0.0014245615734682637,-0.14022553920322997,0.1780634081482023
83.547000,0.2139127838233761,0.18572073086610605,0.108729127160097,0.180568300289267,0.0075450993062694816,0.11605634397889038,-0.11175419199810627,0.1031072477159819,-0.22299641723811436,0.05810538860287312,-0.3350773425569397,0.01523504711053783,-0.45418404315359523,0.0006201960076075153,-0.14078811895929888,0.16704742126698555
83.597000,0.2136879036749222,0.18595103579829328,0.10856289136905033,0.18021687165345676,0.0076456580612276615,0.11528835695487519,-0.11177492431173777,0.1035102202069793,-0.22226848524465728,0.056700253401689354,-0.3349797502550681,0.015515659926128272,-0.45388465656955934,-0.0006591122214234524,-0.14095532633515578,0.1613566891033795
83.647000,0.2135325412479743,0.1863835021222548,0.10843770946725043,0.179776496319031,0.00772696806682302,0.11452815105531419,-0.11179729342380157,0.10385337191998449,-0.2215126537708107,0.05524740826449345,-0.33484986144513285,0.01581801115323081,-0.45351535827107425,-0.00202855322263501,-0.1410354109119491,0.15472034358834186
83.697000,0.21336150400641707,0.18684328532714667,0.10836299359338485,0.17942210808840406,0.007788725793016454,0.11396359766693756,-0.11182334948516437,0.1043224657064962,-0.2207318911645908,0.053934674252014286,-0.33469193250395135,0.016343332491876833,-0.45307389461661796,-0.003296195001083163,-0.1410319656407801,0.15424404441505918
83.747000,0.21322637807506403,0.18725287003012794,0.10825636691603106,0.17877943422060877,0.007729851319733944,0.11324761249290376,-0.1119561967252361,0.1045729422759382,-0.22006079820668495,0.052482682756684385,-0.3346316163884277,0.016796164006107145,-0.45269256209131986,-0.0046890192517205775,-0.14029947729557804,0.14166581212471985
83.797000,0.2130443564099793,0.1876780005349608,0.10815974087251293,0.17818345304631505,0.007647553572765864,0.1126296568255992,-0.11209123592621931,0.10471623220715284,-0.21941269119367116,0.05103098994942984,-0.3345152805130721,0.017098793862234923,-0.45222520956364853,-0.006232999956401725,-0.1396100973234082,0.13499578544489374
83.847000,0.21293332095105855,0.1886583256549186,0.10816489562733972,0.17778080344217828,0.007588936934946333,0.11232489054577147,-0.11219285012980873,0.10509139294981439,-0.21869654580621,0.04980158550526684,-0.33433102689551075,0.017728749909413727,-0.4516246059815373,-0.007613237090959513,-0.13944871045140841,0.1332863123969032
83.897000,0.21274826898095014,0.1901249737616846,0.10812225641365682,0.17767071428152145,0.0075207148990744654,0.11225412735672559,-0.11228241185311646,0.10538311430198058,-0.21791502769593937,0.04844674218184744,-0.3339862707030067,0.017992406746737077,-0.4507891923300599,-0.009522634583131379,-0.13751756043510283,0.12066502962025999
83.947000,0.2127015361878698,0.19096227214405812,0.10821096882308526,0.17738605836192756,0.007452982118555301,0.11221069403421717,-0.1123703110089293,0.10570082275400754,-0.21721965983569674,0.04733461634479447,-0.3337216625517891,0.018572082326742567,-0.45002279387924277,-0.010992201056326256,-0.1360020520219704,0.1127163283993845
83.997000,0.21274901082005399,0.19210104552452728,0.10843168593973926,0.17689035277863369,0.007427053008287471,0.11209788310520113,-0.11241087973983449,0.10586331217717632,-0.21650336421845073,0.04615774564382,-0.33341996650322264,0.01912983210643271,-0.4491711450186306,-0.012519254330526086,-0.13577648031467918,0.11139129831735534
84.047000,0.21281495918577614,0.19284499593319918,0.10872750099085753,0.17632030643594337,0.00738167900600295,0.11206282153173838,-0.11246618900446353,0.10602224760654155,-0.21584898551075593,0.045096084207403075,-0.33316001484464497,0.019834999578603102,-0.4483214882723754,-0.013896810896883882,-0.13480258709063753,0.10750664927913825
84.097000,0.2129664383224006,0.19392611600137866,0.10909524284390322,0.1756828598585345,0.007374033676178476,0.1120212889899488,-0.11247595482195466,0.10602293446580403,-0.2151893050923343,0.04397482670872349,-0.33284477798013984,0.02036996069455499,-0.44738267629606027,-0.015422075422044046,-0.13027399343050391,0.09139131752093146
84.147000,0.21310240685295945,0.19458206428807392,0.10953974471513121,0.17494176639603032,0.007345676319987698,0.11204206540430313,-0.11250269090394488,0.10601140426663777,-0.21461164367031138,0.04297362380955083,-0.3325937075490659,0.02105941374143655,-0.44647456329110446,-0.01677113866612212,-0.1274690120426063,0.08354811029197257
84.197000,0.2131068164825229,0.19533188894634973,0.1099660995038188,0.17411418803481624,0.007259373354120718,0.11205511622332402,-0.11258133769013082,0.10587418080046608,-0.21414779690795152,0.04196600956334248,-0.3324158363706248,0.02165170826351487,-0.4456202150935814,-0.018157444426392694,-0.12427438253340775,0.07563899110668379
84.247000,0.21317718361562346,0.195669749371302,0.1102858545464471,0.17302620513431186,0.006915323299374998,0.1120792342621895,-0.11291973796699623,0.10578971347637779,-0.21408638730583313,0.04125050797863497,-0.3326400141883474,0.02267532170072145,-0.445184035559618,-0.018964121779888876,-0.12278817325906236,0.07239539336593581
84.297000,0.213411298819663,0.19606470904024836,0.11077677279964922,0.171873144772915,0.006723934286747807,0.11209851147324809,-0.11309862068780666,0.10557507006407586,-0.21392694075903676,0.04050856675603906,-0.3327238568520061,0.02355885551908174,-0.4445959196300868,-0.01985360317176929,-0.11868718248170135,0.06339657715252389
84.347000,0.2136573128890068,0.19611763549807618,0.11139337344332173,0.1705613249667826,0.006556646912081243,0.1121724495692939,-0.11325528399422585,0.10545670603506001,-0.21389656908531296,0.04010127982518358,-0.33292206992029494,0.024839230483530067,-0.4441711757476834,-0.020145616438180913,-0.11691618886804189,0.05997221653844173
84.397000,0.2137595217927693,0.19653504048838738,0.11189188854332846,0.16928536038590764,0.006298276130533492,0.11227668545294928,-0.11348602578895428,0.1050849531414207,-0.21392117009948075,0.039413180001653975,-0.3331283148558183,0.025641591893395432,-0.44366978318616646,-0.021055129397966277,-0.11200625652619806,0.0502113510410655
84.447000,0.2139467697389488,0.19681344747040402,0.11255544962313525,0.16799260653530484,0.006192106713668849,0.11243327531971824,-0.11355537009879774,0.1046524143745678,-0.21385330053243617,0.03877127025328672,-0.3332121936667166,0.026383589689137038,-0.4430437387066074,-0.021959266185856863,-0.10817722365533333,0.04316898027074259
84.497000,0.2142169258858542,0.19724376459435836,0.11326413364111523,0.16670547283496176,0.006131200513675772,0.11264500077346888,-0.11356367449655211,0.10409298953131718,-0.21376078173692933,0.038058606815491225,-0.33324254598408054,0.026918229246119252,-0.44232630907384596,-0.02308909651897037,-0.10523068627647378,0.03821940708418442
84.547000,0.2142973336489039,0.19777079358730443,0.11396558953619954,0.1654841301035751,0.006034067573688462,0.11303618866087532,-0.11359399141427562,0.10359545363227286,-0.21376990599273116,0.03752892568427593,-0.3333550412424527,0.027559201352737372,-0.4416851662964723,-0.024060407335887768,-0.10321388109614671,0.03474046639144282
84.597000,0.21404607278905585,0.1994982844752801,0.11439613773514154,0.16495501618626612,0.00580274502174008,0.11389157467561413,-0.11371964238839058,0.10319583217183799,-0.21378553394497626,0.03696277889095828,-0.33343131242137813,0.027749327165313503,-0.4409034702492721,-0.025633584817223443,-0.09845927496013868,0.02727331426844587
84.647000,0.21387677311841205,0.20080892859428226,0.11486192694835248,0.16464227300842216,0.0055885332327959,0.1150506867675594,-0.11380087519268384,0.10296064310287616,-0.21382644336002976,0.0366667088946879,-0.3335203347009165,0.02810094123055143,-0.44012026480440275,-0.02700309584416591,-0.09601162485863016,0.02344707166162352
84.697000,0.21373577015998974,0.20241236880191146,0.11540012442862256,0.16422340165465896,0.0054508878337058975,0.11614882030239923,-0.11378466899276343,0.10262543358598121,-0.21385200589024436,0.036394563999012475,-0.3335839036300394,0.028377540634494852,-0.4393505628326183,-0.028309440244059653,-0.09121579045878522,0.016903561669210226
84.747000,0.21364379402802172,0.20344357020984546,0.11597880495816014,0.16376191037999224,0.005321505337057525,0.11734034168002769,-0.1137335841941024,0.10231084878347609,-0.21394796242966319,0.03630267963101466,-0.3337117539543286,0.0287771072516895,-0.438673459359867,-0.029386802506518678,-0.08705073006366401,0.01148861416644828
84.797000,0.21350189291026886,0.20492563517846285,0.11657747036837832,0.16328631530969612,0.005255164865589801,0.11848291926046994,-0.1135864814844226,0.10184972675816949,-0.21398425187478812,0.03612083128103971,-0.3337677193924722,0.028915214760580843,-0.43794065934785,-0.03064986377586762,-0.08427755375404944,0.008390035399765877
84.847000,0.21340304965153636,0.20586762856651314,0.1171874996771727,0.16279614132342685,0.00518386252606115,0.11972427968590135,-0.11341043616340399,0.10141056028339102,-0.21408876109367955,0.03611220740038312,-0.33388646286745904,0.029147248698379508,-0.43730725985262775,-0.03171438741956012,-0.08025762057144911,0.004116549993802954
84.897000,0.2131407929271846,0.2070752325382193,0.11780448147570707,0.16229552334820313,0.00516809991905251,0.12090656890593991,-0.11314095744516536,0.10083253230165476,-0.21412996846814866,0.036015716176518164,-0.3339318824835411,0.02912359036160997,-0.4366267160481473,-0.03295515929668963,-0.0760524555753666,-0.0006299310350958154
84.947000,0.212710192688373,0.20790326069209264,0.11809838223937649,0.16158512919554707,0.004841230163104893,0.12192636593392638,-0.11313325346095238,0.09997138460858676,-0.21449660534419168,0.035741556001616076,-0.33429447615628843,0.02877950718397318,-0.4362846705476003,-0.03445023452845028,-0.07463453163065656,-0.002186517223279255
84.997000,0.21254979343184724,0.20907775009291693,0.11861890326252549,0.16115360951849117,0.0048068556004507434,0.12311655118138927,-0.11278029872763409,0.09917367881774931,-0.2145157803218006,0.03553491873780476,-0.33429708527837854,0.028293442173840666,-0.43559145648401987,-0.03604511828372517,-0.06892138624336333,-0.008263889320419354
85.047000,0.21229879657414724,0.20987986952526105,0.11919401605241019,0.1605339368550801,0.004797367931013846,0.12429298076134448,-0.11237650245551961,0.09840313528790615,-0.2146227763781129,0.03558833234349795,-0.3343869907088758,0.028069491626090376,-0.43509971131459224,-0.037175798688182216,-0.06748926351498749,-0.009742283608888236
85.097000,0.21192574289002938,0.21099948483261965,0.11966697302921847,0.16003452662350287,0.004759020135386149,0.12544894636599085,-0.11194243404031454,0.09750667385145052,-0.21467871701632932,0.035496544354148424,-0.3344106342635984,0.02747981233336344,-0.4345479623988612,-0.038645186826793465,-0.06729468557767501,-0.008142321513187056
85.147000,0.21161844946160518,0.21169970610517258,0.12007833559944907,0.15953509925866846,0.004674833607717532,0.12664084857493324,-0.1114981928948367,0.09657711771469522,-0.21478839821399448,0.035494112835054076,-0.33447667305059137,0.02685022096627243,-0.43409548509813567,-0.04005338346753995,-0.0647618926859369,-0.010606946042027582
85.197000,0.21111172716056414,0.21261547350735735,0.12040888990034715,0.1590509813104315,0.004577497946598036,0.12769673697163564,-0.11103438276082045,0.0955425297928912,-0.21485811937115495,0.03537084445611624,-0.3344893083270497,0.02596985360414228,-0.4336398180074811,-0.041625829912711604,-0.06364602045553372,-0.011460742913606353
85.247000,0.21075419639369578,0.2131402569632264,0.12071656065291173,0.15847604790260478,0.00445006422556013,0.12877584910682904,-0.11052642279152225,0.0944187911243611,-0.21498177380401173,0.03535035924355345,-0.33453920379129576,0.02505371246727106,-0.4332913572968453,-0.04312261904166531,-0.061069780803426565,-0.014153605469826525
85.297000,0.21012880234346812,0.21426671761938157,0.1208948371410933,0.15827859636753266,0.004277547928093761,0.1299871161600487,-0.11002144438571673,0.09343933434932965,-0.215035422346343,0.03536985504123072,-0.33449677894845864,0.024012731321230024,-0.4328634540223568,-0.044718609549410177,-0.05849931052903637,-0.016779054265508797
85.347000,0.20963783764655883,0.21511877961756848,0.12105085610741782,0.15809358848888613,0.004108181471800754,0.13117870693484251,-0.1094664841788675,0.09243860726616714,-0.21506927312231483,0.03544693272184665,-0.3344137208567732,0.022920848139777933,-0.43246445447012466,-0.0462604617486852,-0.05479129538427774,-0.020565713393881302
85.397000,0.209051043064687,0.21593632150430386,0.12120325319271077,0.15783871967922852,0.003934029804939704,0.13238426533369124,-0.10883581770581863,0.09136035166860644,-0.21511541619771268,0.035640992874720695,-0.33431356928489,0.0217917943200798,-0.4321377781337583,-0.047709458640517705,-0.06022173518958984,-0.014225647446943629
85.447000,0.2086753938491772,0.21638177316950594,0.12133594935173031,0.15751359152853842,0.003757208921977284,0.13352943427937153,-0.10821580400259437,0.09037802205921666,-0.2152167328667415,0.036056744255673484,-0.3342563118866846,0.020904892000761094,-0.43198804313825256,-0.048726341699147635,-0.0597123473527387,-0.014772326501047123
85.497000,0.20813347551616915,0.21690733173614588,0.12142039945768611,0.15719170639597746,0.003565351461223415,0.13460437229583477,-0.10756156956111415,0.0893185309754492,-0.21528740919127673,0.036449414508682915,-0.33413589399461396,0.019865155105534965,-0.43183861801899215,-0.049806774092788414,-0.06064472568213655,-0.01366115146802846
85.547000,0.20779146317805344,0.21715634932563171,0.12146155974033412,0.15685040760218683,0.0033524739319267804,0.13563145735712903,-0.10689814537802522,0.08825212703501473,-0.21537357199550855,0.036938563329547924,-0.3340003902671825,0.018836685340257037,-0.43177119133605896,-0.050739678881727146,-0.05879440484911122,-0.015561789051284691
85.597000,0.2074090274458722,0.2173109705490272,0.1214667738624362,0.15648555324644006,0.0031396512012159816,0.13651827895282387,-0.10622758145922034,0.08713398569881459,-0.21542597403372998,0.037377467943415954,-0.33380251585394455,0.01770529605806051,-0.43170638813992185,-0.05168369292009806,-0.059998006032079276,-0.014300886402433183
85.647000,0.2075238175122194,0.21617222251408733,0.12167901392833785,0.15537340638120511,0.0031194695411857765,0.13683602711475237,-0.1054330814034303,0.08568582010888012,-0.21545891406606274,0.0377867998641708,-0.3335867119810677,0.01667227038947275,-0.43184509241101565,-0.05221379981174484,-0.057107527554205895,-0.01761701033376628
85.697000,0.20830700678660452,0.2128308450775422,0.12221216218625554,0.15292723900358482,0.003404538220333625,0.13605274682791502,-0.10449758969781431,0.08354435903071047,-0.21544740677092028,0.037826330969506466,-0.3333664882530616,0.015575708035203029,-0.432237295225798,-0.052428435418374136,-0.06534021575051233,-0.008975787891607884
85.747000,0.2089056918808267,0.21024140598403168,0.12280377647899832,0.1499947207872923,0.0037612438420118466,0.1348660915418015,-0.1035507915725094,0.08116202228549696,-0.2154606225334028,0.037847016412466655,-0.3331690644913495,0.014507721408072327,-0.43281132684638796,-0.05236095251551648,-0.06706170884146984,-0.007494146060394086
85.797000,0.20975086819354727,0.20623935960343703,0.12329095692677393,0.14699633763441372,0.00405257317214297,0.13349789922857513,-0.10270144492522262,0.07869297591014562,-0.2155098190952894,0.037775122631241526,-0.3329921048293316,0.013322872458107066,-0.43344672740224177,-0.05231910194567552,-0.06962184478156508,-0.004906597955085357
85.847000,0.20979961306223746,0.2055150491368968,0.12348540565545203,0.14519437142574876,0.0041126441756080545,0.1329410528294073,-0.10194644367571867,0.07680309878660621,-0.2155205748893775,0.038061432340510154,-0.33268003595508355,0.012106458197862602,-0.4338456528927275,-0.052434365701416796,-0.06901786359131354,-0.00665324409438775
85.897000,0.20978592679460856,0.20515716254371233,0.12342377908331204,0.14495041869612263,0.003977600654365809,0.1334347572430824,-0.10123563831925056,0.07572709445318784,-0.2154014913148173,0.03876551967909159,-0.33212668340573615,0.010922575665887446,-0.4338310503898858,-0.05276589845892052,-0.06852207973349819,-0.010533858846433541
85.947000,0.20984525341282062,0.20484062545598658,0.123374893006476,0.1447287821301749,0.003864643183355887,0.13389826103431948,-0.10052669067808467,0.07471676549199141,-0.21527946820743782,0.039619756370220444,-0.331529818093814,0.009856420682004652,-0.4338616244774487,-0.05281894451246383,-0.06851843993030526,-0.011483655592293196
85.997000,0.20944109745760903,0.20517165328252743,0.12302631454513603,0.14505037931449946,0.0034848669885866046,0.13456981172752402,-0.1000155419388106,0.07384366127343878,-0.2152496748744587,0.04036091043714993,-0.3309382555885375,0.00848376676558879,-0.4338151305780519,-0.05329283551234537,-0.08187266553570466,0.001990405195437861
86.047000,0.20942690801423094,0.2048973328994866,0.12273821279613487,0.14513936390087764,0.003167089643358545,0.13500296900380143,-0.09950736368231106,0.07289051751047607,-0.21523185129614908,0.041143974928261856,-0.33032889106157887,0.007192959672485372,-0.4338617768682311,-0.053477803906763016,-0.08194004753559528,0.0014320223619934958
86.097000,0.20946244851158013,0.2044319058875048,0.1224386040285526,0.14515855565950084,0.0028441327997179022,0.13530145408277527,-0.09910335411779125,0.07200287660110122,-0.2152765967016404,0.04193998074002467,-0.32978772424124525,0.006062387877511455,-0.4340008255330893,-0.05343239776909195,-0.08845534373759992,0.00987713941041582
86.147000,0.209616533815607,0.20400458899261628,0.12229430386071123,0.14513922390829848,0.0026857847214434294,0.13545407293831604,-0.09855666591388532,0.07103384172673954,-0.21516184733232588,0.04269249972653505,-0.3290286613879183,0.0048197039909525785,-0.4339818453627222,-0.053359580755002356,-0.09172659484053741,0.014416047540433324
86.197000,0.20981538987257603,0.20324542237304424,0.12204780130576029,0.14514125558049396,0.0024339845701272234,0.13552175216636964,-0.09814918988606552,0.07007692795302892,-0.21515763179753922,0.04344941358444268,-0.32833930148782436,0.00357574249537429,-0.4340677427322894,-0.05318248785067922,-0.09507614540272397,0.01934686281261741
86.247000,0.20999418075265625,0.20266859935055526,0.12178770521274028,0.14514900781237663,0.0021784462557538353,0.1354729976966128,-0.09779436472507902,0.0690995311260734,-0.21517499267692508,0.04416385023241717,-0.32762819836205037,0.0022797657713848896,-0.43416032866650944,-0.05295523411812059,-0.09868123951499289,0.024610076959651783
86.297000,0.2103280979078549,0.20175801984853073,0.12153881153544073,0.14518942748220806,0.0019411480170953843,0.13537113430302855,-0.09750712731315042,0.06821429895591496,-0.21522142464900795,0.04490455415411132,-0.3269434642611397,0.0011074553357504346,-0.43427940069858545,-0.05254882807166181,-0.10181088076392292,0.029719382675218925
86.347000,0.21027894553493137,0.20168240205504206,0.12114938056885337,0.14558297806606485,0.0015855164664125843,0.135361315631152,-0.09732031070281599,0.06740811599299887,-0.21531459528922237,0.04555980262796644,-0.32621515660544814,-0.00027757840207698337,-0.43431601773148204,-0.05237559969520825,-0.10251394098273811,0.030828031365427028
86.397000,0.21031941432849408,0.2013207564710952,0.1206495727327344,0.14610343935941444,0.001132508326848719,0.13534837970978436,-0.09728532507593726,0.0666903134285751,-0.21549731607724673,0.046052358608541066,-0.32559337985712666,-0.0016850139644665196,-0.4343595878999622,-0.052379313327886506,-0.10834126115033926,0.04115916956098156
86.447000,0.21047123681291102,0.20118068563130195,0.12022176867672364,0.14682682098748712,0.000770316554570688,0.1353659929643382,-0.09720355712101716,0.06607587776325985,-0.2156267116019873,0.04668628056890417,-0.3248286806087286,-0.003062387386210119,-0.43432905125968024,-0.05215076509159547,-0.11171941061884219,0.04764488705086933
86.497000,0.21078775019343185,0.20062611906279162,0.11986156703734284,0.14732622295351655,0.0004968103232998733,0.13499517376492115,-0.09707503045825167,0.06514006766993286,-0.21567710135800844,0.04687675139694697,-0.32394137757565583,-0.004880822869140766,-0.43415164349655594,-0.052353944586979395,-0.11444593657691599,0.05337887917548176
86.547000,0.21060797785399143,0.20149602418566706,0.11935150094253383,0.14871640324148516,0.00011176914911628644,0.1352298780485201,-0.09703850048421692,0.06478965438237733,-0.21577372524500416,0.04741304939312499,-0.3230052629118837,-0.006451570994975869,-0.433859014161758,-0.05240204252449843,-0.11547444713974037,0.055466314710979014
86.597000,0.21083369461712298,0.20179203354370842,0.11881301829993264,0.1502974416976276,-0.00027775653643580256,0.13555338021950142,-0.0970723374802398,0.06462518342938711,-0.21591409547513613,0.047992788632498284,-0.3221128110180931,-0.007880575477912488,-0.43356937814326235,-0.05234891977657094,-0.1204986111774512,0.06737159511192106
86.647000,0.2112918528549016,0.20112264237131666,0.11863891638222164,0.1509395890538984,-0.00031433562309063356,0.13512428515675934,-0.0970197480428786,0.06407456166176043,-0.2159934536446182,0.048413866422124474,-0.3212902761966865,-0.009141143441791955,-0.43345971279698725,-0.0517793597831058,-0.12319282897090522,0.07467146441507055
86.697000,0.21176916132226584,0.20067061556385649,0.11837238344491564,0.15174375153580538,-0.0004208049180399742,0.13476793348328847,-0.09710474843452108,0.0636889980235445,-0.21618532269666643,0.04886277688042051,-0.32060014865019304,-0.010277261343202337,-0.4334331594016946,-0.051127128965402335,-0.12469667041465768,0.07934776007340469
86.747000,0.21206520690328023,0.20052898858961357,0.11809346194225534,0.15281369549860008,-0.0004916241365249263,0.13444041708433022,-0.09717029717101294,0.06335431309564224,-0.2163271642667145,0.049154277041556865,-0.31980208686738587,-0.011615290940987094,-0.43324492384928226,-0.050739742854067266,-0.12708934929394444,0.08719492715330907
86.797000,0.21260623832060951,0.2002242428423612,0.11784528003543028,0.15393811983391187,-0.0005110744217696472,0.13414485432259082,-0.09727998092993881,0.06318163333303026,-0.21650017247341488,0.049523451596910656,-0.3190903204508677,-0.01272814708106998,-0.43311204079466137,-0.05013198765716251,-0.1287302516331017,0.09346236726582488
86.847000,0.21296453339690727,0.2000105276238582,0.11761863895945604,0.15508276912790414,-0.0004662434273021432,0.13372953631164242,-0.09739661536814273,0.06298702437284895,-0.21666342498208466,0.0497420961166562,-0.31836795198885814,-0.013946122466755945,-0.4329418616618538,-0.049622714543974794,-0.13046971186279727,0.10103167240887614
86.897000,0.21348292168743765,0.19965475339654723,0.11738538616880079,0.1562406066106833,-0.0004056757289273849,0.13332193001264298,-0.09758809765861606,0.06292607169782485,-0.21689127197327931,0.050012799515877726,-0.3177791698789241,-0.014961288058940814,-0.43287191516272916,-0.048926858612622776,-0.13170899675092632,0.10693189658071153
86.947000,0.21382547755465794,0.19939152900122195,0.1171542986699453,0.15740363747449565,-0.0002907850768910092,0.13277332477452003,-0.09778572553915171,0.06281093070270302,-0.21710800576392442,0.05007541179059036,-0.3171836216036117,-0.01614294755413595,-0.43276026312045535,-0.04842359091338527,-0.13306234415843682,0.11456589191019595
86.997000,0.21435218160560443,0.19895304977159234,0.11694334812069687,0.15856413392222532,-0.00013295429358711752,0.13223659296225124,-0.09802473580204274,0.06283054774210634,-0.2173578809379091,0.05019723970413842,-0.3167036438040768,-0.0171111505643802,-0.43273081920725787,-0.04773294946580722,-0.13387127732153684,0.12018515701444818
87.047000,0.21478758710651288,0.1986222788690096,0.1168029576987362,0.1597022545014768,0.0001529194000439993,0.13154610837116082,-0.09819413656641779,0.06278669750451402,-0.217521306126226,0.05009707162970184,-0.316156429348819,-0.018248465655936658,-0.4325984497729551,-0.04725287703667566,-0.1344419719625812,0.12410503119431762
87.097000,0.21542351182693098,0.1980516623356139,0.116659302003476,0.16087420508828382,0.0004729953071808124,0.1308618390903049,-0.09836863442786595,0.06281529450313603,-0.21767565618438398,0.049937619695309854,-0.31565723856059125,-0.019341594456589117,-0.43246726677878544,-0.04682644993468571,-0.1353015181890413,0.13273704399841926
87.147000,0.2158604532633069,0.19765154984937539,0.11672193219607885,0.16182513070867952,0.0010049427686352197,0.13005126791267713,-0.0984329446678332,0.0628790524977399,-0.21771889627179175,0.049807643321364864,-0.31517488263841464,-0.020209002548259164,-0.4323363483701814,-0.04615492601531582,-0.1358831809491455,0.13967362952493306
87.197000,0.21634365831488733,0.19736784400730872,0.11666720254242942,0.1629466242117851,0.0015140629940096906,0.1291863746267851,-0.09846401820126399,0.06282084682518388,-0.21769362390806807,0.04924509185832532,-0.3145729944335414,-0.02156724863723916,-0.43201250655203743,-0.04622411367069432,-0.13610787272302471,0.14428551940748985
87.247000,0.21661668352891178,0.19725644686014085,0.11650463347862296,0.1642876840045415,0.002006174848576431,0.12836968056138215,-0.09859645522444177,0.06295476771736014,-0.21774592258125192,0.04869277526933399,-0.31408165666580656,-0.022857391316004033,-0.4317818873467113,-0.04623806063193689,-0.13624783286302042,0.15058278023835883
87.297000,0.21679074566542136,0.19720602919236496,0.1162298765696602,0.16571532050258886,0.002414515840185566,0.12768817674948038,-0.09883501574492168,0.0632790752668766,-0.21788896415663575,0.04824054583142473,-0.3137643144664227,-0.02392535472400123,-0.43168986330962755,-0.04614167597728108,-0.13621763309506293,0.15651931722707338
87.347000,0.21689118339050634,0.19698174037176278,0.11592906709140445,0.1669004267018384,0.002802891798330681,0.1268695827991581,-0.09914762907846175,0.0635758920160264,-0.2180979534301264,0.04773858363884989,-0.3136325367121155,-0.024877829086763753,-0.4317640391011312,-0.045971623039345405,-0.13602747070903065,0.15983599167211904
87.397000,0.2171238685965393,0.1964293947856608,0.11560494780085069,0.16803958076647413,0.0032438480774966416,0.12590903046199203,-0.0994504400218027,0.06382937846733203,-0.2182667812506051,0.0470163758502862,-0.31351528312029037,-0.025974876307630623,-0.4318264952022403,-0.04603620965563776,-0.1359809158870449,0.16497733002857703
87.447000,0.21791431139346587,0.19467492998146804,0.11586971128974946,0.16819879914394986,0.004168702352221804,0.1243480910681917,-0.09952171384967864,0.06394695212560808,-0.2182400464075511,0.046455311005382416,-0.3135422629304355,-0.026465793788863073,-0.4320771662546835,-0.04516008940006158,-0.1358743445950637,0.16785954329010472
87.497000,0.2192621246641542,0.19138507697027932,0.11646920014852494,0.16755956179581954,0.005303413409312646,0.12236921041800218,-0.09953709162901866,0.06398711981801478,-0.21819372851725247,0.046081742972519796,-0.3138380255682055,-0.026390102881716032,-0.4326122226537029,-0.04349829110420117,-0.13617064102115217,0.17377394638012386
87.547000,0.2201248651022726,0.18907415381979115,0.11710009852715916,0.16669627090710568,0.006480605232212916,0.12018468414620789,-0.09953716436167342,0.0639687386297236,-0.2181173763302321,0.04556402921911987,-0.3142096992551106,-0.026312708845720817,-0.4331950047183571,-0.041885026678901205,-0.13624801485032384,0.17552694722567744
87.597000,0.2209645995449879,0.18716215823896604,0.1175237695616592,0.1665088311829296,0.007543427570806116,0.11850545238967937,-0.09949844925580958,0.06426490846325,-0.217948608405358,0.04504097033536106,-0.3144069572188945,-0.026343810563987463,-0.43353831445426466,-0.04075629552916271,-0.13554265761004072,0.17778709657511932
87.647000,0.22130460650945372,0.18639102269649435,0.1177652944806736,0.16676240276223145,0.008552028860349642,0.11703853914983495,-0.0994097651675398,0.06465293969464551,-0.21766184865341887,0.04424596169265138,-0.31442277704675925,-0.026728137360622878,-0.4336497248937883,-0.040327214791605004,-0.13526460332864507,0.17953763334472464
87.697000,0.22160485702451266,0.18573798591423207,0.11782741607682848,0.16737745625587144,0.009414638756299082,0.11593166232041631,-0.09939759788900607,0.0653362360820094,-0.21741353418853906,0.0436051804398008,-0.31449084784468817,-0.02693555370221956,-0.4337847917801343,-0.03993382052108613,-0.13398239968243694,0.17949423061837458
87.747000,0.2217455776129106,0.18551216581741872,0.1178016971791225,0.16824192784189781,0.010258594056178044,0.11500208401523287,-0.09936720555192202,0.06619446104212896,-0.21709098899757984,0.042932672391338356,-0.3145110332802633,-0.027133974252814136,-0.4338471337946287,-0.03973933477977129,-0.13294037986565205,0.1813262461690249
87.797000,0.22158813810081918,0.1857036641093826,0.1175296432728961,0.16947612760323244,0.010894396420523061,0.11444046528693544,-0.09946852720499572,0.06732332309669083,-0.21684987227639724,0.04239101818260102,-0.3146109985054401,-0.02719893936201015,-0.4339645022682838,-0.03963843838555853,-0.13228957331668326,0.18590757925544651
87.847000,0.22163345724756253,0.18556635573700986,0.11741009268537272,0.17021290319575538,0.011662214730036896,0.11349089417138579,-0.09946914134464391,0.06821593755112897,-0.21647993301763774,0.04159875077214767,-0.31471347418253165,-0.02732273636886784,-0.43408078478896256,-0.03962904200398312,-0.13215338780322894,0.18743628421007977
87.897000,0.2216052173003235,0.18550777821662104,0.11729725928723327,0.1709884269510002,0.012421804302178097,0.11266914247598647,-0.0994315492543264,0.0692085016826943,-0.21603836455083092,0.04087388281448179,-0.3147866532074938,-0.027308046517124346,-0.4341541181893525,-0.03961285467510381,-0.1320364451236567,0.1817570935382417
87.947000,0.2215396730562277,0.18557370098373757,0.11711230643967094,0.1718086840213638,0.013135575637841013,0.11190176078403015,-0.09941276153964024,0.07027398401678023,-0.21555597617495476,0.04009528798505485,-0.3148704746189141,-0.027259224846861385,-0.4342208317051028,-0.03972887854691448,-0.1321568867643589,0.1820997828015051
87.997000,0.22142740571518732,0.18570199761475004,0.11693693273000254,0.17256682520722558,0.013822817411886179,0.11118703030562777,-0.0993781506562183,0.071368180140863,-0.21502813728753228,0.039351300340093875,-0.3149526437220337,-0.027094865943757845,-0.43427451572058184,-0.03983420904935542,-0.1322943518840351,0.1818527623774407
88.047000,0.22136081740102467,0.1857805371597209,0.11678029017010037,0.1732386524335681,0.01452243473288456,0.11044270510110515,-0.09931165026676902,0.07247164912037612,-0.21441531763705396,0.038543110131630975,-0.31501590095662013,-0.02687495033918247,-0.4342943170532527,-0.04001494476378159,-0.13244084225541614,0.1798724033499071
88.097000,0.22120974401790572,0.18588612552014783,0.11664826625933869,0.173806582320692,0.015184840370774805,0.10973495672124366,-0.09924438581698469,0.07359699615246568,-0.21378212863457186,0.037804462430301417,-0.3151037852765864,-0.026491119807653923,-0.4343292059997886,-0.0401035792979664,-0.13259215546791275,0.17759387121425343
88.147000,0.22092506282478433,0.18588282274329204,0.11632521458945916,0.17417346341804196,0.015683538301981742,0.10881863961812094,-0.09928952867179336,0.07445013847765454,-0.2131808735873701,0.03665117614637922,-0.3152323530431674,-0.02647960509997932,-0.43437654548195975,-0.04078559713236524,-0.13285274762116017,0.17585396904609527
88.197000,0.2204618969884697,0.18612550853927684,0.11586750983954089,0.17455906213139089,0.016026924045328683,0.10798686502226837,-0.09942664494353406,0.07526877510785095,-0.212624390516125,0.035440764898091365,-0.31539038042279466,-0.026520120491794752,-0.4344296990134745,-0.04167401863613088,-0.13303890340512609,0.17286747886066373
88.247000,0.22025397958440293,0.18612763080915998,0.11558597492640263,0.17469661126981936,0.016462568912840397,0.10706118874527538,-0.09947031975513385,0.07608433730720814,-0.2119508416484531,0.034273666485039295,-0.3155252837650028,-0.026326126750240153,-0.43444808462638795,-0.04236880218080591,-0.1331560491282495,0.17442796392934604
88.297000,0.21994485411782339,0.1861343335291342,0.11532140227860888,0.17472528441050697,0.016855597445388643,0.10613603395186628,-0.09950784782129402,0.0768179745748241,-0.21124803963506572,0.03306720848529299,-0.3156292422394544,-0.02613215420417575,-0.43441570937233204,-0.04315493969883902,-0.1334036693821346,0.1664245417468299
88.347000,0.21974306882940325,0.1861485467213327,0.1150292471978974,0.1746439453264445,0.01727382940510694,0.10504596911924173,-0.09956658919208317,0.0776905933765565,-0.21037270380357298,0.031625368263621306,-0.31576046807894903,-0.025762950591644435,-0.43435187349194454,-0.04409539620453226,-0.13388140119894865,0.16235564646300085
88.397000,0.21946042729307483,0.1861977890317724,0.11481305008808129,0.17450332296104493,0.01756026812482711,0.10420469992758785,-0.09961620606346577,0.07832664171612051,-0.20966057008091077,0.030470211134682262,-0.3158375736861098,-0.025444401494041896,-0.43425049674784005,-0.04489638473404858,-0.13415261683700122,0.1628289949026488
88.447000,0.21926305672602991,0.18625716555897937,0.11460396545655074,0.17426438098455244,0.01781149480202937,0.10333330440601,-0.09969448800775477,0.07899518607477546,-0.208893190063839,0.029239347530274212,-0.31593886345978056,-0.024993703344714513,-0.4341284348094719,-0.04575966646165647,-0.1341110839842805,0.15276413965991376
88.497000,0.21874307830820436,0.18724578111496093,0.11427789933747476,0.17439806004800268,0.017982257133358798,0.10279394502822292,-0.09977541836046372,0.0797043399756693,-0.20804565708171607,0.027959239661655755,-0.3158501408331955,-0.02474932968177679,-0.43375604369426235,-0.047069680701073674,-0.13430885292671513,0.15270471527557714
88.547000,0.21849033876390758,0.18761914702857416,0.11397248236021162,0.17445203563455747,0.018064092612396415,0.10233005025521093,-0.09992533786420202,0.08045553778547768,-0.20728380046913955,0.026844340198791727,-0.31585796681166833,-0.024259968843121454,-0.43345857122322606,-0.0481366906031748,-0.13383558661730552,0.14198270777853889
88.597000,0.21822919111361752,0.18808789865955758,0.11384759879455857,0.17417393523399402,0.018242167993004016,0.10165082446502116,-0.09996018638546283,0.08095774794778617,-0.20638178958546421,0.025510093609773854,-0.3157454472953527,-0.023882116020747052,-0.4329983553706671,-0.049411619453191113,-0.1339519879063605,0.14148518925293166
88.647000,0.21803589075732155,0.18833671352169337,0.11371607401977755,0.1736813286651149,0.018311939219529116,0.10089361639555745,-0.10008384650438845,0.08133759628588874,-0.20557621046562496,0.024141782255971272,-0.3157324667767697,-0.023456528567868062,-0.432604776580511,-0.05067533090199425,-0.13291814615895295,0.12978247786066222
88.697000,0.2176891586608628,0.18909196247212523,0.11355144038314818,0.17341373532538495,0.01831124231959594,0.10041164856790838,-0.10024132161347266,0.08182967925626129,-0.20476027999349622,0.022873870901832738,-0.31566578276493384,-0.022951552773391504,-0.4320937606106342,-0.05201228184595946,-0.13294383325403825,0.12930297760391746
88.747000,0.21743022821056177,0.18973715756849288,0.11340927386466665,0.17308726822512968,0.01828132025480922,0.09993897750918429,-0.10039427357749889,0.08215967989069588,-0.20394496004276694,0.02151930282818365,-0.31553731857066136,-0.022607169024676077,-0.43147721686790086,-0.05355777453757263,-0.1330070876150814,0.1270773537749175
88.797000,0.2172316714036295,0.19039767708682645,0.11342953185333543,0.17261035498449231,0.0182670878386616,0.09950694023744737,-0.10052660732028598,0.08253466904853786,-0.2031582626529315,0.02035152564815698,-0.31545935890549137,-0.021938707035787625,-0.4308837911142769,-0.05475943903628083,-0.13265561459434652,0.12430722460951096
88.847000,0.2169530386656649,0.19138266053264133,0.11334983541332085,0.17231320936319158,0.018224481722286634,0.09916153759678999,-0.10063176531115436,0.08263300045882833,-0.20225487754988541,0.018814953971581616,-0.3151347898140244,-0.021905132070059535,-0.4299430337381261,-0.056820273871377586,-0.1325868015060651,0.12339695231662148
88.897000,0.216559565605921,0.19278426509720592,0.11327952153496376,0.17208530375513886,0.018073167695299264,0.09903908421881948,-0.10083658775811205,0.08289999942419901,-0.20148468825363858,0.01755506950125088,-0.3149454286395038,-0.021517432224222338,-0.4290905981328994,-0.05854283271253649,-0.13236717513043153,0.1214688161427554
88.947000,0.21645888950821096,0.19362416660696624,0.11340808755469775,0.1717634880461912,0.018019022768997944,0.09895602744420856,-0.10093340515241561,0.08313452651664846,-0.20068035973474202,0.01642212098700918,-0.3146938715519723,-0.02100673316459531,-0.4281580562484936,-0.060069231691360525,-0.12493987648677807,0.08838258372687302
88.997000,0.21640255806132327,0.19478662676464084,0.11366416989480788,0.1713241478248661,0.017981803255945422,0.09890257152065784,-0.10100471384211424,0.08333951433792061,-0.19992591092995365,0.015408690945966863,-0.3144740221600222,-0.020350646486707008,-0.42723722511989726,-0.06139282062782714,-0.12290831994164517,0.08177012709751727
89.047000,0.21640726111054345,0.19557335880993335,0.11401860820144867,0.1707959027603157,0.017984041404970147,0.09884201488611781,-0.10101691254517889,0.0833897348292942,-0.19912474120743165,0.014289416775192743,-0.3141708032381211,-0.01983394195795002,-0.42616875731569126,-0.06292057889376243,-0.12013613665341921,0.0737917714740908
89.097000,0.2164710555094464,0.19671305063153585,0.11445782126887431,0.17019453767879084,0.017964177531359093,0.09885747355180681,-0.10104086759916536,0.0834367331843084,-0.19840100644823316,0.013286869582942812,-0.31392854351267024,-0.019169072551358468,-0.4251245369963372,-0.06428504570034757,-0.1184799539808069,0.06969009426468775
89.147000,0.21654138474317905,0.19740189626577626,0.11496376933017752,0.16948511516870085,0.017970598226539736,0.09882873004137925,-0.10102095742389214,0.08330424345115237,-0.19769208719253648,0.012207881594487241,-0.3136484639548074,-0.01868093010435115,-0.4240179040594916,-0.06578280576741286,-0.11426691101524922,0.05988920514666318
89.197000,0.21659682236239652,0.19821295846894474,0.11547382899754843,0.16862056104885734,0.017844685515586267,0.09884556307028641,-0.10112997029135365,0.08319208819670419,-0.1972260705983244,0.011320400407166004,-0.31360797396506235,-0.017924301142594384,-0.4231444457807553,-0.06693206932428697,-0.11272438333874399,0.05688045345545936
89.247000,0.21671635848232365,0.19842885158923246,0.11600246472683289,0.16753759635477672,0.017594986844413046,0.09886468841714238,-0.10137152572969224,0.08314944538420518,-0.19707770586897919,0.010759342013813594,-0.31388024181297514,-0.01675733634379667,-0.4226527778084106,-0.06743805667081271,-0.11106160849468608,0.0537749253425647
89.297000,0.21688978510442616,0.1989503932641594,0.11659756363397032,0.16647579662712375,0.01737078249736415,0.09899212522982664,-0.10156473767276969,0.08304402058233631,-0.19692235865073227,0.010195382150213816,-0.31410164980855154,-0.015669917456377996,-0.42205965175810617,-0.06806333130820641,-0.10384882375035775,0.04042063453307812
89.347000,0.217049818576381,0.1992170328773614,0.11733001290014043,0.16525648889348876,0.017295785538373326,0.09897562169839022,-0.10158536629096077,0.08262717407389623,-0.19663621202486037,0.00937871521454256,-0.3141340987228219,-0.014998458975937295,-0.42125488891270596,-0.06908298827124368,-0.09934812356848668,0.03314236590454103
89.397000,0.2173119905235755,0.1996530053177922,0.11809820352772626,0.1640476261675411,0.01718668258423267,0.09911023369701727,-0.10162382868853204,0.08225608254354003,-0.19645839806410847,0.008727826401095512,-0.3142498350413795,-0.014188922382918578,-0.4205194789236444,-0.0699272645643701,-0.09601978993622146,0.02783443253425963
89.447000,0.21746354182208613,0.19995870194444362,0.11887946271581024,0.1628300387095155,0.017108996493711143,0.09924724068256044,-0.10160687493323264,0.08173890348734597,-0.19627343996095556,0.007994470030630946,-0.31430992317976614,-0.013624702694878754,-0.4197181329025417,-0.0709754596475062,-0.09295559234844453,0.022977840316602466
89.497000,0.21771088640144282,0.20038605072823046,0.11967872939387281,0.1616359250933953,0.017011695690459794,0.09951121028083275,-0.10159487877805182,0.08127716265433532,-0.19619523523747687,0.007447815117264056,-0.3144510646116334,-0.012937444729752057,-0.4190214540108045,-0.07180198125987114,-0.09063613201330759,0.019546643126782476
89.547000,0.21775691349605264,0.20092614716421148,0.12044182220269188,0.16058945584608983,0.01690923989443241,0.09991817470039635,-0.1015445238875543,0.08071646224400911,-0.19608261540325217,0.006807402577113125,-0.31451204973595526,-0.012543798935754413,-0.41817701718100686,-0.0729886041809889,-0.0836100549077915,0.010054832898902882
89.597000,0.2172540065319043,0.2027580948130896,0.12080364763263331,0.16028503013314166,0.016462724500646564,0.10101470233616919,-0.10177923907593328,0.08054916918590713,-0.19623188290745813,0.006530941268080848,-0.3147847270651261,-0.012049240087743801,-0.4174514652159222,-0.0741744432966927,-0.08100515160922303,0.006533996225653732
89.647000,0.21695905021079656,0.20375864586458478,0.12121388392249063,0.1598240359449447,0.016123411041213037,0.10189310716403954,-0.10187961196044962,0.08009203924475124,-0.1962899717652337,0.006019885495764266,-0.31493300897270093,-0.011975383941182804,-0.41663504235432425,-0.07566758445091556,-0.07564202088208757,6.152059012229372e-05
89.697000,0.21663826123760485,0.20517682618454894,0.12179328469798181,0.1592422518520719,0.015851359107472124,0.10288350450890973,-0.10187838243107061,0.07965188921382307,-0.19639329900357655,0.005713194739012967,-0.31512448933206205,-0.011690955110816248,-0.41587612496000725,-0.07687613683825745,-0.07279685719707302,-0.0035038807237530167
89.747000,0.2163510972735198,0.20593673014802633,0.12223491753532631,0.15861243644141193,0.015496310814525682,0.10377750383054521,-0.10194018733091398,0.0791062878809812,-0.1966163698655775,0.005374202265912925,-0.31541229278420363,-0.011582468569475729,-0.4152812646265733,-0.07811207443973389,-0.06775051833018544,-0.008690468858003092
89.797000,0.2154413229076623,0.20793849889385846,0.12239452270752113,0.15846395762788207,0.014874568905338531,0.10517737831981404,-0.10218084885192072,0.07875713659165193,-0.19703377238808437,0.005252559212332447,-0.31585960730581475,-0.011493215023104547,-0.4147562051935695,-0.0794598459951589,-0.06488494978601478,-0.011781858577038729
89.847000,0.21502980803353183,0.2093186920345524,0.12275014753691543,0.1585068704682583,0.014534678468491574,0.10664732694636746,-0.102101994048588,0.07843586431232455,-0.19714103893224566,0.0051720946350600205,-0.31596939423456954,-0.011555785556783882,-0.4139337063936988,-0.08085941852793094,-0.060713076042874126,-0.015589531097091575
89.897000,0.21447419489938574,0.21110363655177034,0.12323222214550705,0.15837784740321584,0.014253853419146756,0.10814125566234002,-0.10190886112011827,0.07803770519409386,-0.19727977727739765,0.005206473217255203,-0.31610343016787823,-0.011554777141535355,-0.4131780690814123,-0.08209919208533872,-0.05766803210006291,-0.01870673781581736
89.947000,0.21429116686141927,0.2114583916089156,0.1237822774228888,0.15755746889255856,0.014038392334012245,0.10901594352073186,-0.10167337537780588,0.07722306992686459,-0.19751153126644513,0.005007781609708217,-0.3163371349116315,-0.011739633440794456,-0.41270580363315557,-0.08324543516481991,-0.05490819059001334,-0.02163070663843475
89.997000,0.21370682158226892,0.21269715126367283,0.12418454197886886,0.15714461314038097,0.01371826227982384,0.11027030195129042,-0.10145223054342134,0.0765692992532879,-0.1977756843217099,0.005002601325983791,-0.3165692554777451,-0.011970537806061166,-0.4122038460360506,-0.0844551919663813,-0.05166061389480667,-0.024033316547745986
90.047000,0.21367349127600416,0.21291004054717932,0.1248756881580223,0.15623273107092261,0.01367820767251332,0.11112042306449649,-0.10095433972096474,0.07563269169049194,-0.1978860994922388,0.004892081376208446,-0.3166498866587974,-0.012288222982199837,-0.4117004824003641,-0.08553700624285732,-0.049205375175888105,-0.025123996788500913
90.097000,0.21315991923987485,0.21399671096043604,0.1253501902318928,0.15575161997760212,0.013468407018775497,0.11236421875267248,-0.1005042748724154,0.07481121910511565,-0.19805510232749088,0.004926771172617139,-0.3167455450988984,-0.01275312686801705,-0.4111669792429691,-0.08681116339462858,-0.046364335641036286,-0.027533175468528875
90.147000,0.2128066546068558,0.21466824790882882,0.12580432125884017,0.15527168133937583,0.013314878116350737,0.11348501861677207,-0.09994575485617138,0.07383619746577663,-0.1981048985674286,0.0048087934448172165,-0.3166936189227031,-0.013541013216247177,-0.4105269977180387,-0.08834273127038728,-0.045218532998627436,-0.028294386900636154
90.197000,0.21225025221560767,0.21555161012346433,0.126191260763228,0.15479292296352437,0.013143860471991231,0.11454015551341165,-0.09936907674308804,0.07281679324195012,-0.19815719878566745,0.004692590910470085,-0.31662289425358475,-0.014435372841655941,-0.40994121771454434,-0.08987866615813073,-0.04235471123887477,-0.0309483835020114
90.247000,0.2118735818291952,0.21602145886516338,0.12655185502155808,0.1542350456790856,0.012948689951093412,0.11557859879149984,-0.09875672116571177,0.07173910601129607,-0.1982635845861026,0.0046691117349009215,-0.3165821824175578,-0.015348615588606507,-0.409477344414184,-0.09131234955173212,-0.04154107771975479,-0.031610167070069195
90.297000,0.211175817887582,0.2169651901355723,0.12678483649424435,0.15390917114110303,0.012678661458416313,0.11676377009749891,-0.09818022624845216,0.07082569203152075,-0.1984115562110861,0.004843266387189488,-0.31655561847228464,-0.016180067135436904,-0.4090958361606154,-0.0925758007215903,-0.040484777044667686,-0.03208440717899019
90.347000,0.21058062557411286,0.21767220946870017,0.12687586617350805,0.15371228841374626,0.01233230859869941,0.11793836749212389,-0.0975642817050256,0.06974356030695897,-0.19849345741985022,0.004833611227283652,-0.31640410977007793,-0.017461636300917044,-0.40858039442008076,-0.0942960852683021,-0.03918415164240055,-0.033268865327243435
